-1000.000000 -999.000000 -998.000000 1.000000 0.000000 2.000000
-998.000000 -997.000000 -996.000000 2.000000 0.585786 3.414214
-996.000000 -995.000000 -994.000000 0.000000 0.000000 0.000000
-994.000000 -993.000000 -992.000000 2.000000 0.585786 3.414214
-992.000000 -991.000000 -990.000000 1.000000 0.000000 2.000000
-990.000000 -989.000000 -988.000000 2.000000 0.585786 3.414214
-988.000000 -987.000000 -986.000000 1.000000 0.000000 2.000000
-986.000000 -985.000000 -984.000000 4.000000 2.000000 6.000000
-984.000000 -983.000000 -982.000000 2.000000 0.585786 3.414214
-982.000000 -981.000000 -980.000000 3.000000 1.267949 4.732051
-980.000000 -979.000000 -978.000000 9.000000 6.000000 12.000000
-978.000000 -977.000000 -976.000000 1.000000 0.000000 2.000000
-976.000000 -975.000000 -974.000000 1.000000 0.000000 2.000000
-974.000000 -973.000000 -972.000000 1.000000 0.000000 2.000000
-972.000000 -971.000000 -970.000000 5.000000 2.763932 7.236068
-970.000000 -969.000000 -968.000000 1.000000 0.000000 2.000000
-968.000000 -967.000000 -966.000000 2.000000 0.585786 3.414214
-966.000000 -965.000000 -964.000000 4.000000 2.000000 6.000000
-964.000000 -963.000000 -962.000000 2.000000 0.585786 3.414214
-962.000000 -961.000000 -960.000000 4.000000 2.000000 6.000000
-960.000000 -959.000000 -958.000000 7.000000 4.354249 9.645751
-958.000000 -957.000000 -956.000000 5.000000 2.763932 7.236068
-956.000000 -955.000000 -954.000000 2.000000 0.585786 3.414214
-954.000000 -953.000000 -952.000000 6.000000 3.550510 8.449490
-952.000000 -951.000000 -950.000000 2.000000 0.585786 3.414214
-950.000000 -949.000000 -948.000000 2.000000 0.585786 3.414214
-948.000000 -947.000000 -946.000000 5.000000 2.763932 7.236068
-946.000000 -945.000000 -944.000000 4.000000 2.000000 6.000000
-944.000000 -943.000000 -942.000000 1.000000 0.000000 2.000000
-942.000000 -941.000000 -940.000000 4.000000 2.000000 6.000000
-940.000000 -939.000000 -938.000000 7.000000 4.354249 9.645751
-938.000000 -937.000000 -936.000000 3.000000 1.267949 4.732051
-936.000000 -935.000000 -934.000000 3.000000 1.267949 4.732051
-934.000000 -933.000000 -932.000000 7.000000 4.354249 9.645751
-932.000000 -931.000000 -930.000000 3.000000 1.267949 4.732051
-930.000000 -929.000000 -928.000000 3.000000 1.267949 4.732051
-928.000000 -927.000000 -926.000000 3.000000 1.267949 4.732051
-926.000000 -925.000000 -924.000000 5.000000 2.763932 7.236068
-924.000000 -923.000000 -922.000000 1.000000 0.000000 2.000000
-922.000000 -921.000000 -920.000000 2.000000 0.585786 3.414214
-920.000000 -919.000000 -918.000000 4.000000 2.000000 6.000000
-918.000000 -917.000000 -916.000000 6.000000 3.550510 8.449490
-916.000000 -915.000000 -914.000000 5.000000 2.763932 7.236068
-914.000000 -913.000000 -912.000000 4.000000 2.000000 6.000000
-912.000000 -911.000000 -910.000000 3.000000 1.267949 4.732051
-910.000000 -909.000000 -908.000000 4.000000 2.000000 6.000000
-908.000000 -907.000000 -906.000000 4.000000 2.000000 6.000000
-906.000000 -905.000000 -904.000000 5.000000 2.763932 7.236068
-904.000000 -903.000000 -902.000000 2.000000 0.585786 3.414214
-902.000000 -901.000000 -900.000000 1.000000 0.000000 2.000000
-900.000000 -899.000000 -898.000000 6.000000 3.550510 8.449490
-898.000000 -897.000000 -896.000000 0.000000 0.000000 0.000000
-896.000000 -895.000000 -894.000000 4.000000 2.000000 6.000000
-894.000000 -893.000000 -892.000000 0.000000 0.000000 0.000000
-892.000000 -891.000000 -890.000000 4.000000 2.000000 6.000000
-890.000000 -889.000000 -888.000000 2.000000 0.585786 3.414214
-888.000000 -887.000000 -886.000000 5.000000 2.763932 7.236068
-886.000000 -885.000000 -884.000000 1.000000 0.000000 2.000000
-884.000000 -883.000000 -882.000000 6.000000 3.550510 8.449490
-882.000000 -881.000000 -880.000000 5.000000 2.763932 7.236068
-880.000000 -879.000000 -878.000000 4.000000 2.000000 6.000000
-878.000000 -877.000000 -876.000000 2.000000 0.585786 3.414214
-876.000000 -875.000000 -874.000000 2.000000 0.585786 3.414214
-874.000000 -873.000000 -872.000000 1.000000 0.000000 2.000000
-872.000000 -871.000000 -870.000000 7.000000 4.354249 9.645751
-870.000000 -869.000000 -868.000000 2.000000 0.585786 3.414214
-868.000000 -867.000000 -866.000000 6.000000 3.550510 8.449490
-866.000000 -865.000000 -864.000000 3.000000 1.267949 4.732051
-864.000000 -863.000000 -862.000000 1.000000 0.000000 2.000000
-862.000000 -861.000000 -860.000000 3.000000 1.267949 4.732051
-860.000000 -859.000000 -858.000000 2.000000 0.585786 3.414214
-858.000000 -857.000000 -856.000000 5.000000 2.763932 7.236068
-856.000000 -855.000000 -854.000000 1.000000 0.000000 2.000000
-854.000000 -853.000000 -852.000000 4.000000 2.000000 6.000000
-852.000000 -851.000000 -850.000000 0.000000 0.000000 0.000000
-850.000000 -849.000000 -848.000000 4.000000 2.000000 6.000000
-848.000000 -847.000000 -846.000000 1.000000 0.000000 2.000000
-846.000000 -845.000000 -844.000000 2.000000 0.585786 3.414214
-844.000000 -843.000000 -842.000000 0.000000 0.000000 0.000000
-842.000000 -841.000000 -840.000000 2.000000 0.585786 3.414214
-840.000000 -839.000000 -838.000000 2.000000 0.585786 3.414214
-838.000000 -837.000000 -836.000000 5.000000 2.763932 7.236068
-836.000000 -835.000000 -834.000000 2.000000 0.585786 3.414214
-834.000000 -833.000000 -832.000000 3.000000 1.267949 4.732051
-832.000000 -831.000000 -830.000000 7.000000 4.354249 9.645751
-830.000000 -829.000000 -828.000000 6.000000 3.550510 8.449490
-828.000000 -827.000000 -826.000000 3.000000 1.267949 4.732051
-826.000000 -825.000000 -824.000000 2.000000 0.585786 3.414214
-824.000000 -823.000000 -822.000000 5.000000 2.763932 7.236068
-822.000000 -821.000000 -820.000000 0.000000 0.000000 0.000000
-820.000000 -819.000000 -818.000000 4.000000 2.000000 6.000000
-818.000000 -817.000000 -816.000000 4.000000 2.000000 6.000000
-816.000000 -815.000000 -814.000000 5.000000 2.763932 7.236068
-814.000000 -813.000000 -812.000000 3.000000 1.267949 4.732051
-812.000000 -811.000000 -810.000000 3.000000 1.267949 4.732051
-810.000000 -809.000000 -808.000000 3.000000 1.267949 4.732051
-808.000000 -807.000000 -806.000000 1.000000 0.000000 2.000000
-806.000000 -805.000000 -804.000000 0.000000 0.000000 0.000000
-804.000000 -803.000000 -802.000000 1.000000 0.000000 2.000000
-802.000000 -801.000000 -800.000000 3.000000 1.267949 4.732051
-800.000000 -799.000000 -798.000000 2.000000 0.585786 3.414214
-798.000000 -797.000000 -796.000000 4.000000 2.000000 6.000000
-796.000000 -795.000000 -794.000000 6.000000 3.550510 8.449490
-794.000000 -793.000000 -792.000000 1.000000 0.000000 2.000000
-792.000000 -791.000000 -790.000000 4.000000 2.000000 6.000000
-790.000000 -789.000000 -788.000000 0.000000 0.000000 0.000000
-788.000000 -787.000000 -786.000000 3.000000 1.267949 4.732051
-786.000000 -785.000000 -784.000000 4.000000 2.000000 6.000000
-784.000000 -783.000000 -782.000000 3.000000 1.267949 4.732051
-782.000000 -781.000000 -780.000000 5.000000 2.763932 7.236068
-780.000000 -779.000000 -778.000000 2.000000 0.585786 3.414214
-778.000000 -777.000000 -776.000000 3.000000 1.267949 4.732051
-776.000000 -775.000000 -774.000000 5.000000 2.763932 7.236068
-774.000000 -773.000000 -772.000000 4.000000 2.000000 6.000000
-772.000000 -771.000000 -770.000000 5.000000 2.763932 7.236068
-770.000000 -769.000000 -768.000000 0.000000 0.000000 0.000000
-768.000000 -767.000000 -766.000000 3.000000 1.267949 4.732051
-766.000000 -765.000000 -764.000000 3.000000 1.267949 4.732051
-764.000000 -763.000000 -762.000000 7.000000 4.354249 9.645751
-762.000000 -761.000000 -760.000000 4.000000 2.000000 6.000000
-760.000000 -759.000000 -758.000000 5.000000 2.763932 7.236068
-758.000000 -757.000000 -756.000000 7.000000 4.354249 9.645751
-756.000000 -755.000000 -754.000000 4.000000 2.000000 6.000000
-754.000000 -753.000000 -752.000000 2.000000 0.585786 3.414214
-752.000000 -751.000000 -750.000000 5.000000 2.763932 7.236068
-750.000000 -749.000000 -748.000000 4.000000 2.000000 6.000000
-748.000000 -747.000000 -746.000000 1.000000 0.000000 2.000000
-746.000000 -745.000000 -744.000000 6.000000 3.550510 8.449490
-744.000000 -743.000000 -742.000000 3.000000 1.267949 4.732051
-742.000000 -741.000000 -740.000000 1.000000 0.000000 2.000000
-740.000000 -739.000000 -738.000000 4.000000 2.000000 6.000000
-738.000000 -737.000000 -736.000000 4.000000 2.000000 6.000000
-736.000000 -735.000000 -734.000000 4.000000 2.000000 6.000000
-734.000000 -733.000000 -732.000000 5.000000 2.763932 7.236068
-732.000000 -731.000000 -730.000000 3.000000 1.267949 4.732051
-730.000000 -729.000000 -728.000000 0.000000 0.000000 0.000000
-728.000000 -727.000000 -726.000000 0.000000 0.000000 0.000000
-726.000000 -725.000000 -724.000000 2.000000 0.585786 3.414214
-724.000000 -723.000000 -722.000000 7.000000 4.354249 9.645751
-722.000000 -721.000000 -720.000000 2.000000 0.585786 3.414214
-720.000000 -719.000000 -718.000000 4.000000 2.000000 6.000000
-718.000000 -717.000000 -716.000000 3.000000 1.267949 4.732051
-716.000000 -715.000000 -714.000000 5.000000 2.763932 7.236068
-714.000000 -713.000000 -712.000000 1.000000 0.000000 2.000000
-712.000000 -711.000000 -710.000000 7.000000 4.354249 9.645751
-710.000000 -709.000000 -708.000000 1.000000 0.000000 2.000000
-708.000000 -707.000000 -706.000000 2.000000 0.585786 3.414214
-706.000000 -705.000000 -704.000000 1.000000 0.000000 2.000000
-704.000000 -703.000000 -702.000000 2.000000 0.585786 3.414214
-702.000000 -701.000000 -700.000000 4.000000 2.000000 6.000000
-700.000000 -699.000000 -698.000000 1.000000 0.000000 2.000000
-698.000000 -697.000000 -696.000000 5.000000 2.763932 7.236068
-696.000000 -695.000000 -694.000000 3.000000 1.267949 4.732051
-694.000000 -693.000000 -692.000000 1.000000 0.000000 2.000000
-692.000000 -691.000000 -690.000000 2.000000 0.585786 3.414214
-690.000000 -689.000000 -688.000000 2.000000 0.585786 3.414214
-688.000000 -687.000000 -686.000000 2.000000 0.585786 3.414214
-686.000000 -685.000000 -684.000000 4.000000 2.000000 6.000000
-684.000000 -683.000000 -682.000000 4.000000 2.000000 6.000000
-682.000000 -681.000000 -680.000000 6.000000 3.550510 8.449490
-680.000000 -679.000000 -678.000000 2.000000 0.585786 3.414214
-678.000000 -677.000000 -676.000000 1.000000 0.000000 2.000000
-676.000000 -675.000000 -674.000000 2.000000 0.585786 3.414214
-674.000000 -673.000000 -672.000000 2.000000 0.585786 3.414214
-672.000000 -671.000000 -670.000000 0.000000 0.000000 0.000000
-670.000000 -669.000000 -668.000000 1.000000 0.000000 2.000000
-668.000000 -667.000000 -666.000000 1.000000 0.000000 2.000000
-666.000000 -665.000000 -664.000000 3.000000 1.267949 4.732051
-664.000000 -663.000000 -662.000000 4.000000 2.000000 6.000000
-662.000000 -661.000000 -660.000000 4.000000 2.000000 6.000000
-660.000000 -659.000000 -658.000000 3.000000 1.267949 4.732051
-658.000000 -657.000000 -656.000000 3.000000 1.267949 4.732051
-656.000000 -655.000000 -654.000000 5.000000 2.763932 7.236068
-654.000000 -653.000000 -652.000000 4.000000 2.000000 6.000000
-652.000000 -651.000000 -650.000000 9.000000 6.000000 12.000000
-650.000000 -649.000000 -648.000000 3.000000 1.267949 4.732051
-648.000000 -647.000000 -646.000000 3.000000 1.267949 4.732051
-646.000000 -645.000000 -644.000000 3.000000 1.267949 4.732051
-644.000000 -643.000000 -642.000000 2.000000 0.585786 3.414214
-642.000000 -641.000000 -640.000000 3.000000 1.267949 4.732051
-640.000000 -639.000000 -638.000000 1.000000 0.000000 2.000000
-638.000000 -637.000000 -636.000000 4.000000 2.000000 6.000000
-636.000000 -635.000000 -634.000000 4.000000 2.000000 6.000000
-634.000000 -633.000000 -632.000000 3.000000 1.267949 4.732051
-632.000000 -631.000000 -630.000000 4.000000 2.000000 6.000000
-630.000000 -629.000000 -628.000000 1.000000 0.000000 2.000000
-628.000000 -627.000000 -626.000000 2.000000 0.585786 3.414214
-626.000000 -625.000000 -624.000000 2.000000 0.585786 3.414214
-624.000000 -623.000000 -622.000000 2.000000 0.585786 3.414214
-622.000000 -621.000000 -620.000000 0.000000 0.000000 0.000000
-620.000000 -619.000000 -618.000000 1.000000 0.000000 2.000000
-618.000000 -617.000000 -616.000000 3.000000 1.267949 4.732051
-616.000000 -615.000000 -614.000000 1.000000 0.000000 2.000000
-614.000000 -613.000000 -612.000000 3.000000 1.267949 4.732051
-612.000000 -611.000000 -610.000000 4.000000 2.000000 6.000000
-610.000000 -609.000000 -608.000000 2.000000 0.585786 3.414214
-608.000000 -607.000000 -606.000000 4.000000 2.000000 6.000000
-606.000000 -605.000000 -604.000000 2.000000 0.585786 3.414214
-604.000000 -603.000000 -602.000000 5.000000 2.763932 7.236068
-602.000000 -601.000000 -600.000000 3.000000 1.267949 4.732051
-600.000000 -599.000000 -598.000000 1.000000 0.000000 2.000000
-598.000000 -597.000000 -596.000000 3.000000 1.267949 4.732051
-596.000000 -595.000000 -594.000000 1.000000 0.000000 2.000000
-594.000000 -593.000000 -592.000000 5.000000 2.763932 7.236068
-592.000000 -591.000000 -590.000000 1.000000 0.000000 2.000000
-590.000000 -589.000000 -588.000000 3.000000 1.267949 4.732051
-588.000000 -587.000000 -586.000000 3.000000 1.267949 4.732051
-586.000000 -585.000000 -584.000000 2.000000 0.585786 3.414214
-584.000000 -583.000000 -582.000000 1.000000 0.000000 2.000000
-582.000000 -581.000000 -580.000000 6.000000 3.550510 8.449490
-580.000000 -579.000000 -578.000000 1.000000 0.000000 2.000000
-578.000000 -577.000000 -576.000000 6.000000 3.550510 8.449490
-576.000000 -575.000000 -574.000000 1.000000 0.000000 2.000000
-574.000000 -573.000000 -572.000000 2.000000 0.585786 3.414214
-572.000000 -571.000000 -570.000000 1.000000 0.000000 2.000000
-570.000000 -569.000000 -568.000000 3.000000 1.267949 4.732051
-568.000000 -567.000000 -566.000000 2.000000 0.585786 3.414214
-566.000000 -565.000000 -564.000000 2.000000 0.585786 3.414214
-564.000000 -563.000000 -562.000000 5.000000 2.763932 7.236068
-562.000000 -561.000000 -560.000000 6.000000 3.550510 8.449490
-560.000000 -559.000000 -558.000000 4.000000 2.000000 6.000000
-558.000000 -557.000000 -556.000000 2.000000 0.585786 3.414214
-556.000000 -555.000000 -554.000000 2.000000 0.585786 3.414214
-554.000000 -553.000000 -552.000000 7.000000 4.354249 9.645751
-552.000000 -551.000000 -550.000000 3.000000 1.267949 4.732051
-550.000000 -549.000000 -548.000000 3.000000 1.267949 4.732051
-548.000000 -547.000000 -546.000000 0.000000 0.000000 0.000000
-546.000000 -545.000000 -544.000000 3.000000 1.267949 4.732051
-544.000000 -543.000000 -542.000000 3.000000 1.267949 4.732051
-542.000000 -541.000000 -540.000000 4.000000 2.000000 6.000000
-540.000000 -539.000000 -538.000000 2.000000 0.585786 3.414214
-538.000000 -537.000000 -536.000000 1.000000 0.000000 2.000000
-536.000000 -535.000000 -534.000000 2.000000 0.585786 3.414214
-534.000000 -533.000000 -532.000000 2.000000 0.585786 3.414214
-532.000000 -531.000000 -530.000000 2.000000 0.585786 3.414214
-530.000000 -529.000000 -528.000000 6.000000 3.550510 8.449490
-528.000000 -527.000000 -526.000000 2.000000 0.585786 3.414214
-526.000000 -525.000000 -524.000000 4.000000 2.000000 6.000000
-524.000000 -523.000000 -522.000000 4.000000 2.000000 6.000000
-522.000000 -521.000000 -520.000000 4.000000 2.000000 6.000000
-520.000000 -519.000000 -518.000000 3.000000 1.267949 4.732051
-518.000000 -517.000000 -516.000000 4.000000 2.000000 6.000000
-516.000000 -515.000000 -514.000000 3.000000 1.267949 4.732051
-514.000000 -513.000000 -512.000000 4.000000 2.000000 6.000000
-512.000000 -511.000000 -510.000000 6.000000 3.550510 8.449490
-510.000000 -509.000000 -508.000000 3.000000 1.267949 4.732051
-508.000000 -507.000000 -506.000000 3.000000 1.267949 4.732051
-506.000000 -505.000000 -504.000000 3.000000 1.267949 4.732051
-504.000000 -503.000000 -502.000000 3.000000 1.267949 4.732051
-502.000000 -501.000000 -500.000000 3.000000 1.267949 4.732051
-500.000000 -499.000000 -498.000000 2.000000 0.585786 3.414214
-498.000000 -497.000000 -496.000000 3.000000 1.267949 4.732051
-496.000000 -495.000000 -494.000000 1.000000 0.000000 2.000000
-494.000000 -493.000000 -492.000000 3.000000 1.267949 4.732051
-492.000000 -491.000000 -490.000000 1.000000 0.000000 2.000000
-490.000000 -489.000000 -488.000000 2.000000 0.585786 3.414214
-488.000000 -487.000000 -486.000000 2.000000 0.585786 3.414214
-486.000000 -485.000000 -484.000000 4.000000 2.000000 6.000000
-484.000000 -483.000000 -482.000000 4.000000 2.000000 6.000000
-482.000000 -481.000000 -480.000000 4.000000 2.000000 6.000000
-480.000000 -479.000000 -478.000000 3.000000 1.267949 4.732051
-478.000000 -477.000000 -476.000000 5.000000 2.763932 7.236068
-476.000000 -475.000000 -474.000000 0.000000 0.000000 0.000000
-474.000000 -473.000000 -472.000000 5.000000 2.763932 7.236068
-472.000000 -471.000000 -470.000000 3.000000 1.267949 4.732051
-470.000000 -469.000000 -468.000000 1.000000 0.000000 2.000000
-468.000000 -467.000000 -466.000000 3.000000 1.267949 4.732051
-466.000000 -465.000000 -464.000000 2.000000 0.585786 3.414214
-464.000000 -463.000000 -462.000000 0.000000 0.000000 0.000000
-462.000000 -461.000000 -460.000000 3.000000 1.267949 4.732051
-460.000000 -459.000000 -458.000000 4.000000 2.000000 6.000000
-458.000000 -457.000000 -456.000000 1.000000 0.000000 2.000000
-456.000000 -455.000000 -454.000000 2.000000 0.585786 3.414214
-454.000000 -453.000000 -452.000000 0.000000 0.000000 0.000000
-452.000000 -451.000000 -450.000000 4.000000 2.000000 6.000000
-450.000000 -449.000000 -448.000000 3.000000 1.267949 4.732051
-448.000000 -447.000000 -446.000000 3.000000 1.267949 4.732051
-446.000000 -445.000000 -444.000000 5.000000 2.763932 7.236068
-444.000000 -443.000000 -442.000000 2.000000 0.585786 3.414214
-442.000000 -441.000000 -440.000000 5.000000 2.763932 7.236068
-440.000000 -439.000000 -438.000000 1.000000 0.000000 2.000000
-438.000000 -437.000000 -436.000000 5.000000 2.763932 7.236068
-436.000000 -435.000000 -434.000000 4.000000 2.000000 6.000000
-434.000000 -433.000000 -432.000000 2.000000 0.585786 3.414214
-432.000000 -431.000000 -430.000000 2.000000 0.585786 3.414214
-430.000000 -429.000000 -428.000000 3.000000 1.267949 4.732051
-428.000000 -427.000000 -426.000000 1.000000 0.000000 2.000000
-426.000000 -425.000000 -424.000000 3.000000 1.267949 4.732051
-424.000000 -423.000000 -422.000000 1.000000 0.000000 2.000000
-422.000000 -421.000000 -420.000000 5.000000 2.763932 7.236068
-420.000000 -419.000000 -418.000000 5.000000 2.763932 7.236068
-418.000000 -417.000000 -416.000000 5.000000 2.763932 7.236068
-416.000000 -415.000000 -414.000000 5.000000 2.763932 7.236068
-414.000000 -413.000000 -412.000000 4.000000 2.000000 6.000000
-412.000000 -411.000000 -410.000000 1.000000 0.000000 2.000000
-410.000000 -409.000000 -408.000000 3.000000 1.267949 4.732051
-408.000000 -407.000000 -406.000000 5.000000 2.763932 7.236068
-406.000000 -405.000000 -404.000000 3.000000 1.267949 4.732051
-404.000000 -403.000000 -402.000000 3.000000 1.267949 4.732051
-402.000000 -401.000000 -400.000000 5.000000 2.763932 7.236068
-400.000000 -399.000000 -398.000000 5.000000 2.763932 7.236068
-398.000000 -397.000000 -396.000000 3.000000 1.267949 4.732051
-396.000000 -395.000000 -394.000000 3.000000 1.267949 4.732051
-394.000000 -393.000000 -392.000000 4.000000 2.000000 6.000000
-392.000000 -391.000000 -390.000000 2.000000 0.585786 3.414214
-390.000000 -389.000000 -388.000000 2.000000 0.585786 3.414214
-388.000000 -387.000000 -386.000000 0.000000 0.000000 0.000000
-386.000000 -385.000000 -384.000000 5.000000 2.763932 7.236068
-384.000000 -383.000000 -382.000000 3.000000 1.267949 4.732051
-382.000000 -381.000000 -380.000000 2.000000 0.585786 3.414214
-380.000000 -379.000000 -378.000000 3.000000 1.267949 4.732051
-378.000000 -377.000000 -376.000000 2.000000 0.585786 3.414214
-376.000000 -375.000000 -374.000000 2.000000 0.585786 3.414214
-374.000000 -373.000000 -372.000000 3.000000 1.267949 4.732051
-372.000000 -371.000000 -370.000000 4.000000 2.000000 6.000000
-370.000000 -369.000000 -368.000000 3.000000 1.267949 4.732051
-368.000000 -367.000000 -366.000000 1.000000 0.000000 2.000000
-366.000000 -365.000000 -364.000000 4.000000 2.000000 6.000000
-364.000000 -363.000000 -362.000000 6.000000 3.550510 8.449490
-362.000000 -361.000000 -360.000000 3.000000 1.267949 4.732051
-360.000000 -359.000000 -358.000000 5.000000 2.763932 7.236068
-358.000000 -357.000000 -356.000000 3.000000 1.267949 4.732051
-356.000000 -355.000000 -354.000000 4.000000 2.000000 6.000000
-354.000000 -353.000000 -352.000000 3.000000 1.267949 4.732051
-352.000000 -351.000000 -350.000000 0.000000 0.000000 0.000000
-350.000000 -349.000000 -348.000000 2.000000 0.585786 3.414214
-348.000000 -347.000000 -346.000000 1.000000 0.000000 2.000000
-346.000000 -345.000000 -344.000000 3.000000 1.267949 4.732051
-344.000000 -343.000000 -342.000000 2.000000 0.585786 3.414214
-342.000000 -341.000000 -340.000000 1.000000 0.000000 2.000000
-340.000000 -339.000000 -338.000000 3.000000 1.267949 4.732051
-338.000000 -337.000000 -336.000000 2.000000 0.585786 3.414214
-336.000000 -335.000000 -334.000000 2.000000 0.585786 3.414214
-334.000000 -333.000000 -332.000000 5.000000 2.763932 7.236068
-332.000000 -331.000000 -330.000000 2.000000 0.585786 3.414214
-330.000000 -329.000000 -328.000000 5.000000 2.763932 7.236068
-328.000000 -327.000000 -326.000000 3.000000 1.267949 4.732051
-326.000000 -325.000000 -324.000000 4.000000 2.000000 6.000000
-324.000000 -323.000000 -322.000000 3.000000 1.267949 4.732051
-322.000000 -321.000000 -320.000000 4.000000 2.000000 6.000000
-320.000000 -319.000000 -318.000000 2.000000 0.585786 3.414214
-318.000000 -317.000000 -316.000000 4.000000 2.000000 6.000000
-316.000000 -315.000000 -314.000000 2.000000 0.585786 3.414214
-314.000000 -313.000000 -312.000000 3.000000 1.267949 4.732051
-312.000000 -311.000000 -310.000000 3.000000 1.267949 4.732051
-310.000000 -309.000000 -308.000000 2.000000 0.585786 3.414214
-308.000000 -307.000000 -306.000000 1.000000 0.000000 2.000000
-306.000000 -305.000000 -304.000000 4.000000 2.000000 6.000000
-304.000000 -303.000000 -302.000000 5.000000 2.763932 7.236068
-302.000000 -301.000000 -300.000000 2.000000 0.585786 3.414214
-300.000000 -299.000000 -298.000000 1.000000 0.000000 2.000000
-298.000000 -297.000000 -296.000000 2.000000 0.585786 3.414214
-296.000000 -295.000000 -294.000000 3.000000 1.267949 4.732051
-294.000000 -293.000000 -292.000000 3.000000 1.267949 4.732051
-292.000000 -291.000000 -290.000000 3.000000 1.267949 4.732051
-290.000000 -289.000000 -288.000000 3.000000 1.267949 4.732051
-288.000000 -287.000000 -286.000000 1.000000 0.000000 2.000000
-286.000000 -285.000000 -284.000000 2.000000 0.585786 3.414214
-284.000000 -283.000000 -282.000000 5.000000 2.763932 7.236068
-282.000000 -281.000000 -280.000000 3.000000 1.267949 4.732051
-280.000000 -279.000000 -278.000000 5.000000 2.763932 7.236068
-278.000000 -277.000000 -276.000000 5.000000 2.763932 7.236068
-276.000000 -275.000000 -274.000000 4.000000 2.000000 6.000000
-274.000000 -273.000000 -272.000000 4.000000 2.000000 6.000000
-272.000000 -271.000000 -270.000000 5.000000 2.763932 7.236068
-270.000000 -269.000000 -268.000000 3.000000 1.267949 4.732051
-268.000000 -267.000000 -266.000000 2.000000 0.585786 3.414214
-266.000000 -265.000000 -264.000000 1.000000 0.000000 2.000000
-264.000000 -263.000000 -262.000000 3.000000 1.267949 4.732051
-262.000000 -261.000000 -260.000000 3.000000 1.267949 4.732051
-260.000000 -259.000000 -258.000000 7.000000 4.354249 9.645751
-258.000000 -257.000000 -256.000000 3.000000 1.267949 4.732051
-256.000000 -255.000000 -254.000000 7.000000 4.354249 9.645751
-254.000000 -253.000000 -252.000000 5.000000 2.763932 7.236068
-252.000000 -251.000000 -250.000000 2.000000 0.585786 3.414214
-250.000000 -249.000000 -248.000000 2.000000 0.585786 3.414214
-248.000000 -247.000000 -246.000000 2.000000 0.585786 3.414214
-246.000000 -245.000000 -244.000000 3.000000 1.267949 4.732051
-244.000000 -243.000000 -242.000000 0.000000 0.000000 0.000000
-242.000000 -241.000000 -240.000000 3.000000 1.267949 4.732051
-240.000000 -239.000000 -238.000000 3.000000 1.267949 4.732051
-238.000000 -237.000000 -236.000000 4.000000 2.000000 6.000000
-236.000000 -235.000000 -234.000000 1.000000 0.000000 2.000000
-234.000000 -233.000000 -232.000000 1.000000 0.000000 2.000000
-232.000000 -231.000000 -230.000000 1.000000 0.000000 2.000000
-230.000000 -229.000000 -228.000000 4.000000 2.000000 6.000000
-228.000000 -227.000000 -226.000000 3.000000 1.267949 4.732051
-226.000000 -225.000000 -224.000000 2.000000 0.585786 3.414214
-224.000000 -223.000000 -222.000000 1.000000 0.000000 2.000000
-222.000000 -221.000000 -220.000000 1.000000 0.000000 2.000000
-220.000000 -219.000000 -218.000000 4.000000 2.000000 6.000000
-218.000000 -217.000000 -216.000000 3.000000 1.267949 4.732051
-216.000000 -215.000000 -214.000000 5.000000 2.763932 7.236068
-214.000000 -213.000000 -212.000000 3.000000 1.267949 4.732051
-212.000000 -211.000000 -210.000000 2.000000 0.585786 3.414214
-210.000000 -209.000000 -208.000000 2.000000 0.585786 3.414214
-208.000000 -207.000000 -206.000000 2.000000 0.585786 3.414214
-206.000000 -205.000000 -204.000000 1.000000 0.000000 2.000000
-204.000000 -203.000000 -202.000000 3.000000 1.267949 4.732051
-202.000000 -201.000000 -200.000000 2.000000 0.585786 3.414214
-200.000000 -199.000000 -198.000000 5.000000 2.763932 7.236068
-198.000000 -197.000000 -196.000000 3.000000 1.267949 4.732051
-196.000000 -195.000000 -194.000000 2.000000 0.585786 3.414214
-194.000000 -193.000000 -192.000000 4.000000 2.000000 6.000000
-192.000000 -191.000000 -190.000000 4.000000 2.000000 6.000000
-190.000000 -189.000000 -188.000000 2.000000 0.585786 3.414214
-188.000000 -187.000000 -186.000000 3.000000 1.267949 4.732051
-186.000000 -185.000000 -184.000000 4.000000 2.000000 6.000000
-184.000000 -183.000000 -182.000000 3.000000 1.267949 4.732051
-182.000000 -181.000000 -180.000000 2.000000 0.585786 3.414214
-180.000000 -179.000000 -178.000000 4.000000 2.000000 6.000000
-178.000000 -177.000000 -176.000000 1.000000 0.000000 2.000000
-176.000000 -175.000000 -174.000000 4.000000 2.000000 6.000000
-174.000000 -173.000000 -172.000000 2.000000 0.585786 3.414214
-172.000000 -171.000000 -170.000000 4.000000 2.000000 6.000000
-170.000000 -169.000000 -168.000000 6.000000 3.550510 8.449490
-168.000000 -167.000000 -166.000000 4.000000 2.000000 6.000000
-166.000000 -165.000000 -164.000000 4.000000 2.000000 6.000000
-164.000000 -163.000000 -162.000000 2.000000 0.585786 3.414214
-162.000000 -161.000000 -160.000000 5.000000 2.763932 7.236068
-160.000000 -159.000000 -158.000000 6.000000 3.550510 8.449490
-158.000000 -157.000000 -156.000000 3.000000 1.267949 4.732051
-156.000000 -155.000000 -154.000000 3.000000 1.267949 4.732051
-154.000000 -153.000000 -152.000000 8.000000 5.171573 10.828427
-152.000000 -151.000000 -150.000000 3.000000 1.267949 4.732051
-150.000000 -149.000000 -148.000000 3.000000 1.267949 4.732051
-148.000000 -147.000000 -146.000000 1.000000 0.000000 2.000000
-146.000000 -145.000000 -144.000000 2.000000 0.585786 3.414214
-144.000000 -143.000000 -142.000000 3.000000 1.267949 4.732051
-142.000000 -141.000000 -140.000000 3.000000 1.267949 4.732051
-140.000000 -139.000000 -138.000000 4.000000 2.000000 6.000000
-138.000000 -137.000000 -136.000000 5.000000 2.763932 7.236068
-136.000000 -135.000000 -134.000000 3.000000 1.267949 4.732051
-134.000000 -133.000000 -132.000000 0.000000 0.000000 0.000000
-132.000000 -131.000000 -130.000000 1.000000 0.000000 2.000000
-130.000000 -129.000000 -128.000000 7.000000 4.354249 9.645751
-128.000000 -127.000000 -126.000000 2.000000 0.585786 3.414214
-126.000000 -125.000000 -124.000000 2.000000 0.585786 3.414214
-124.000000 -123.000000 -122.000000 3.000000 1.267949 4.732051
-122.000000 -121.000000 -120.000000 0.000000 0.000000 0.000000
-120.000000 -119.000000 -118.000000 4.000000 2.000000 6.000000
-118.000000 -117.000000 -116.000000 4.000000 2.000000 6.000000
-116.000000 -115.000000 -114.000000 6.000000 3.550510 8.449490
-114.000000 -113.000000 -112.000000 2.000000 0.585786 3.414214
-112.000000 -111.000000 -110.000000 2.000000 0.585786 3.414214
-110.000000 -109.000000 -108.000000 5.000000 2.763932 7.236068
-108.000000 -107.000000 -106.000000 3.000000 1.267949 4.732051
-106.000000 -105.000000 -104.000000 0.000000 0.000000 0.000000
-104.000000 -103.000000 -102.000000 3.000000 1.267949 4.732051
-102.000000 -101.000000 -100.000000 2.000000 0.585786 3.414214
-100.000000 -99.000000 -98.000000 1.000000 0.000000 2.000000
-98.000000 -97.000000 -96.000000 4.000000 2.000000 6.000000
-96.000000 -95.000000 -94.000000 5.000000 2.763932 7.236068
-94.000000 -93.000000 -92.000000 6.000000 3.550510 8.449490
-92.000000 -91.000000 -90.000000 2.000000 0.585786 3.414214
-90.000000 -89.000000 -88.000000 0.000000 0.000000 0.000000
-88.000000 -87.000000 -86.000000 1.000000 0.000000 2.000000
-86.000000 -85.000000 -84.000000 2.000000 0.585786 3.414214
-84.000000 -83.000000 -82.000000 4.000000 2.000000 6.000000
-82.000000 -81.000000 -80.000000 5.000000 2.763932 7.236068
-80.000000 -79.000000 -78.000000 3.000000 1.267949 4.732051
-78.000000 -77.000000 -76.000000 5.000000 2.763932 7.236068
-76.000000 -75.000000 -74.000000 1.000000 0.000000 2.000000
-74.000000 -73.000000 -72.000000 3.000000 1.267949 4.732051
-72.000000 -71.000000 -70.000000 3.000000 1.267949 4.732051
-70.000000 -69.000000 -68.000000 4.000000 2.000000 6.000000
-68.000000 -67.000000 -66.000000 1.000000 0.000000 2.000000
-66.000000 -65.000000 -64.000000 3.000000 1.267949 4.732051
-64.000000 -63.000000 -62.000000 6.000000 3.550510 8.449490
-62.000000 -61.000000 -60.000000 6.000000 3.550510 8.449490
-60.000000 -59.000000 -58.000000 1.000000 0.000000 2.000000
-58.000000 -57.000000 -56.000000 2.000000 0.585786 3.414214
-56.000000 -55.000000 -54.000000 2.000000 0.585786 3.414214
-54.000000 -53.000000 -52.000000 3.000000 1.267949 4.732051
-52.000000 -51.000000 -50.000000 2.000000 0.585786 3.414214
-50.000000 -49.000000 -48.000000 1.000000 0.000000 2.000000
-48.000000 -47.000000 -46.000000 3.000000 1.267949 4.732051
-46.000000 -45.000000 -44.000000 4.000000 2.000000 6.000000
-44.000000 -43.000000 -42.000000 6.000000 3.550510 8.449490
-42.000000 -41.000000 -40.000000 2.000000 0.585786 3.414214
-40.000000 -39.000000 -38.000000 3.000000 1.267949 4.732051
-38.000000 -37.000000 -36.000000 4.000000 2.000000 6.000000
-36.000000 -35.000000 -34.000000 1.000000 0.000000 2.000000
-34.000000 -33.000000 -32.000000 1.000000 0.000000 2.000000
-32.000000 -31.000000 -30.000000 3.000000 1.267949 4.732051
-30.000000 -29.000000 -28.000000 4.000000 2.000000 6.000000
-28.000000 -27.000000 -26.000000 6.000000 3.550510 8.449490
-26.000000 -25.000000 -24.000000 1.000000 0.000000 2.000000
-24.000000 -23.000000 -22.000000 5.000000 2.763932 7.236068
-22.000000 -21.000000 -20.000000 3.000000 1.267949 4.732051
-20.000000 -19.000000 -18.000000 3.000000 1.267949 4.732051
-18.000000 -17.000000 -16.000000 3.000000 1.267949 4.732051
-16.000000 -15.000000 -14.000000 5.000000 2.763932 7.236068
-14.000000 -13.000000 -12.000000 4.000000 2.000000 6.000000
-12.000000 -11.000000 -10.000000 2.000000 0.585786 3.414214
-10.000000 -9.000000 -8.000000 5.000000 2.763932 7.236068
-8.000000 -7.000000 -6.000000 6.000000 3.550510 8.449490
-6.000000 -5.000000 -4.000000 21.000000 16.417424 25.582576
-4.000000 -3.000000 -2.000000 14.000000 10.258343 17.741657
-2.000000 -1.000000 0.000000 201.000000 186.822553 215.177447
0.000000 1.000000 2.000000 304.000000 286.564404 321.435596
2.000000 3.000000 4.000000 217.000000 202.269080 231.730920
4.000000 5.000000 6.000000 267.000000 250.659865 283.340135
6.000000 7.000000 8.000000 217.000000 202.269080 231.730920
8.000000 9.000000 10.000000 186.000000 172.361818 199.638182
10.000000 11.000000 12.000000 188.000000 174.288691 201.711309
12.000000 13.000000 14.000000 167.000000 154.077152 179.922848
14.000000 15.000000 16.000000 148.000000 135.834475 160.165525
16.000000 17.000000 18.000000 149.000000 136.793444 161.206556
18.000000 19.000000 20.000000 141.000000 129.125658 152.874342
20.000000 21.000000 22.000000 144.000000 132.000000 156.000000
22.000000 23.000000 24.000000 136.000000 124.338096 147.661904
24.000000 25.000000 26.000000 127.000000 115.730572 138.269428
26.000000 27.000000 28.000000 132.000000 120.510875 143.489125
28.000000 29.000000 30.000000 116.000000 105.229670 126.770330
30.000000 31.000000 32.000000 123.000000 111.909463 134.090537
32.000000 33.000000 34.000000 133.000000 121.467437 144.532563
34.000000 35.000000 36.000000 132.000000 120.510875 143.489125
36.000000 37.000000 38.000000 104.000000 93.801961 114.198039
38.000000 39.000000 40.000000 120.000000 109.045549 130.954451
40.000000 41.000000 42.000000 116.000000 105.229670 126.770330
42.000000 43.000000 44.000000 129.000000 117.642183 140.357817
44.000000 45.000000 46.000000 99.000000 89.050126 108.949874
46.000000 47.000000 48.000000 135.000000 123.381050 146.618950
48.000000 49.000000 50.000000 111.000000 100.464346 121.535654
50.000000 51.000000 52.000000 106.000000 95.704370 116.295630
52.000000 53.000000 54.000000 118.000000 107.137220 128.862780
54.000000 55.000000 56.000000 95.000000 85.253206 104.746794
56.000000 57.000000 58.000000 105.000000 94.753049 115.246951
58.000000 59.000000 60.000000 115.000000 104.276195 125.723805
60.000000 61.000000 62.000000 109.000000 98.559693 119.440307
62.000000 63.000000 64.000000 113.000000 102.369854 123.630146
64.000000 65.000000 66.000000 111.000000 100.464346 121.535654
66.000000 67.000000 68.000000 106.000000 95.704370 116.295630
68.000000 69.000000 70.000000 99.000000 89.050126 108.949874
70.000000 71.000000 72.000000 112.000000 101.416995 122.583005
72.000000 73.000000 74.000000 105.000000 94.753049 115.246951
74.000000 75.000000 76.000000 101.000000 90.950124 111.049876
76.000000 77.000000 78.000000 85.000000 75.780456 94.219544
78.000000 79.000000 80.000000 112.000000 101.416995 122.583005
80.000000 81.000000 82.000000 86.000000 76.726382 95.273618
82.000000 83.000000 84.000000 81.000000 72.000000 90.000000
84.000000 85.000000 86.000000 120.000000 109.045549 130.954451
86.000000 87.000000 88.000000 126.000000 114.775028 137.224972
88.000000 89.000000 90.000000 91.000000 81.460608 100.539392
90.000000 91.000000 92.000000 79.000000 70.111806 87.888194
92.000000 93.000000 94.000000 87.000000 77.672621 96.327379
94.000000 95.000000 96.000000 93.000000 83.356349 102.643651
96.000000 97.000000 98.000000 98.000000 88.100505 107.899495
98.000000 99.000000 100.000000 92.000000 82.408337 101.591663
100.000000 101.000000 102.000000 83.000000 73.889566 92.110434
102.000000 103.000000 104.000000 88.000000 78.619168 97.380832
104.000000 105.000000 106.000000 92.000000 82.408337 101.591663
106.000000 107.000000 108.000000 98.000000 88.100505 107.899495
108.000000 109.000000 110.000000 87.000000 77.672621 96.327379
110.000000 111.000000 112.000000 85.000000 75.780456 94.219544
112.000000 113.000000 114.000000 106.000000 95.704370 116.295630
114.000000 115.000000 116.000000 81.000000 72.000000 90.000000
116.000000 117.000000 118.000000 92.000000 82.408337 101.591663
118.000000 119.000000 120.000000 85.000000 75.780456 94.219544
120.000000 121.000000 122.000000 88.000000 78.619168 97.380832
122.000000 123.000000 124.000000 81.000000 72.000000 90.000000
124.000000 125.000000 126.000000 92.000000 82.408337 101.591663
126.000000 127.000000 128.000000 81.000000 72.000000 90.000000
128.000000 129.000000 130.000000 78.000000 69.168239 86.831761
130.000000 131.000000 132.000000 77.000000 68.225036 85.774964
132.000000 133.000000 134.000000 77.000000 68.225036 85.774964
134.000000 135.000000 136.000000 72.000000 63.514719 80.485281
136.000000 137.000000 138.000000 78.000000 69.168239 86.831761
138.000000 139.000000 140.000000 80.000000 71.055728 88.944272
140.000000 141.000000 142.000000 86.000000 76.726382 95.273618
142.000000 143.000000 144.000000 69.000000 60.693376 77.306624
144.000000 145.000000 146.000000 73.000000 64.455996 81.544004
146.000000 147.000000 148.000000 67.000000 58.814647 75.185353
148.000000 149.000000 150.000000 66.000000 57.875962 74.124038
150.000000 151.000000 152.000000 84.000000 74.834849 93.165151
152.000000 153.000000 154.000000 79.000000 70.111806 87.888194
154.000000 155.000000 156.000000 71.000000 62.573850 79.426150
156.000000 157.000000 158.000000 67.000000 58.814647 75.185353
158.000000 159.000000 160.000000 72.000000 63.514719 80.485281
160.000000 161.000000 162.000000 74.000000 65.397675 82.602325
162.000000 163.000000 164.000000 69.000000 60.693376 77.306624
164.000000 165.000000 166.000000 70.000000 61.633400 78.366600
166.000000 167.000000 168.000000 78.000000 69.168239 86.831761
168.000000 169.000000 170.000000 75.000000 66.339746 83.660254
170.000000 171.000000 172.000000 62.000000 54.125992 69.874008
172.000000 173.000000 174.000000 61.000000 53.189750 68.810250
174.000000 175.000000 176.000000 67.000000 58.814647 75.185353
176.000000 177.000000 178.000000 77.000000 68.225036 85.774964
178.000000 179.000000 180.000000 71.000000 62.573850 79.426150
180.000000 181.000000 182.000000 68.000000 59.753789 76.246211
182.000000 183.000000 184.000000 68.000000 59.753789 76.246211
184.000000 185.000000 186.000000 66.000000 57.875962 74.124038
186.000000 187.000000 188.000000 59.000000 51.318854 66.681146
188.000000 189.000000 190.000000 62.000000 54.125992 69.874008
190.000000 191.000000 192.000000 61.000000 53.189750 68.810250
192.000000 193.000000 194.000000 73.000000 64.455996 81.544004
194.000000 195.000000 196.000000 68.000000 59.753789 76.246211
196.000000 197.000000 198.000000 74.000000 65.397675 82.602325
198.000000 199.000000 200.000000 60.000000 52.254033 67.745967
200.000000 201.000000 202.000000 49.000000 42.000000 56.000000
202.000000 203.000000 204.000000 69.000000 60.693376 77.306624
204.000000 205.000000 206.000000 68.000000 59.753789 76.246211
206.000000 207.000000 208.000000 55.000000 47.583802 62.416198
208.000000 209.000000 210.000000 53.000000 45.719890 60.280110
210.000000 211.000000 212.000000 58.000000 50.384227 65.615773
212.000000 213.000000 214.000000 63.000000 55.062746 70.937254
214.000000 215.000000 216.000000 56.000000 48.516685 63.483315
216.000000 217.000000 218.000000 60.000000 52.254033 67.745967
218.000000 219.000000 220.000000 47.000000 40.144345 53.855655
220.000000 221.000000 222.000000 60.000000 52.254033 67.745967
222.000000 223.000000 224.000000 56.000000 48.516685 63.483315
224.000000 225.000000 226.000000 62.000000 54.125992 69.874008
226.000000 227.000000 228.000000 51.000000 43.858572 58.141428
228.000000 229.000000 230.000000 58.000000 50.384227 65.615773
230.000000 231.000000 232.000000 71.000000 62.573850 79.426150
232.000000 233.000000 234.000000 57.000000 49.450166 64.549834
234.000000 235.000000 236.000000 65.000000 56.937742 73.062258
236.000000 237.000000 238.000000 56.000000 48.516685 63.483315
238.000000 239.000000 240.000000 50.000000 42.928932 57.071068
240.000000 241.000000 242.000000 59.000000 51.318854 66.681146
242.000000 243.000000 244.000000 56.000000 48.516685 63.483315
244.000000 245.000000 246.000000 60.000000 52.254033 67.745967
246.000000 247.000000 248.000000 42.000000 35.519259 48.480741
248.000000 249.000000 250.000000 41.000000 34.596876 47.403124
250.000000 251.000000 252.000000 48.000000 41.071797 54.928203
252.000000 253.000000 254.000000 65.000000 56.937742 73.062258
254.000000 255.000000 256.000000 56.000000 48.516685 63.483315
256.000000 257.000000 258.000000 54.000000 46.651531 61.348469
258.000000 259.000000 260.000000 53.000000 45.719890 60.280110
260.000000 261.000000 262.000000 49.000000 42.000000 56.000000
262.000000 263.000000 264.000000 53.000000 45.719890 60.280110
264.000000 265.000000 266.000000 50.000000 42.928932 57.071068
266.000000 267.000000 268.000000 55.000000 47.583802 62.416198
268.000000 269.000000 270.000000 53.000000 45.719890 60.280110
270.000000 271.000000 272.000000 42.000000 35.519259 48.480741
272.000000 273.000000 274.000000 56.000000 48.516685 63.483315
274.000000 275.000000 276.000000 44.000000 37.366750 50.633250
276.000000 277.000000 278.000000 38.000000 31.835586 44.164414
278.000000 279.000000 280.000000 56.000000 48.516685 63.483315
280.000000 281.000000 282.000000 44.000000 37.366750 50.633250
282.000000 283.000000 284.000000 46.000000 39.217670 52.782330
284.000000 285.000000 286.000000 43.000000 36.442561 49.557439
286.000000 287.000000 288.000000 52.000000 44.788897 59.211103
288.000000 289.000000 290.000000 39.000000 32.755002 45.244998
290.000000 291.000000 292.000000 43.000000 36.442561 49.557439
292.000000 293.000000 294.000000 51.000000 43.858572 58.141428
294.000000 295.000000 296.000000 46.000000 39.217670 52.782330
296.000000 297.000000 298.000000 49.000000 42.000000 56.000000
298.000000 299.000000 300.000000 33.000000 27.255437 38.744563
300.000000 301.000000 302.000000 58.000000 50.384227 65.615773
302.000000 303.000000 304.000000 50.000000 42.928932 57.071068
304.000000 305.000000 306.000000 38.000000 31.835586 44.164414
306.000000 307.000000 308.000000 39.000000 32.755002 45.244998
308.000000 309.000000 310.000000 35.000000 29.083920 40.916080
310.000000 311.000000 312.000000 43.000000 36.442561 49.557439
312.000000 313.000000 314.000000 38.000000 31.835586 44.164414
314.000000 315.000000 316.000000 45.000000 38.291796 51.708204
316.000000 317.000000 318.000000 44.000000 37.366750 50.633250
318.000000 319.000000 320.000000 29.000000 23.614835 34.385165
320.000000 321.000000 322.000000 47.000000 40.144345 53.855655
322.000000 323.000000 324.000000 41.000000 34.596876 47.403124
324.000000 325.000000 326.000000 47.000000 40.144345 53.855655
326.000000 327.000000 328.000000 27.000000 21.803848 32.196152
328.000000 329.000000 330.000000 45.000000 38.291796 51.708204
330.000000 331.000000 332.000000 47.000000 40.144345 53.855655
332.000000 333.000000 334.000000 38.000000 31.835586 44.164414
334.000000 335.000000 336.000000 38.000000 31.835586 44.164414
336.000000 337.000000 338.000000 35.000000 29.083920 40.916080
338.000000 339.000000 340.000000 30.000000 24.522774 35.477226
340.000000 341.000000 342.000000 40.000000 33.675445 46.324555
342.000000 343.000000 344.000000 20.000000 15.527864 24.472136
344.000000 345.000000 346.000000 45.000000 38.291796 51.708204
346.000000 347.000000 348.000000 33.000000 27.255437 38.744563
348.000000 349.000000 350.000000 40.000000 33.675445 46.324555
350.000000 351.000000 352.000000 44.000000 37.366750 50.633250
352.000000 353.000000 354.000000 42.000000 35.519259 48.480741
354.000000 355.000000 356.000000 43.000000 36.442561 49.557439
356.000000 357.000000 358.000000 42.000000 35.519259 48.480741
358.000000 359.000000 360.000000 28.000000 22.708497 33.291503
360.000000 361.000000 362.000000 32.000000 26.343146 37.656854
362.000000 363.000000 364.000000 40.000000 33.675445 46.324555
364.000000 365.000000 366.000000 27.000000 21.803848 32.196152
366.000000 367.000000 368.000000 34.000000 28.169048 39.830952
368.000000 369.000000 370.000000 34.000000 28.169048 39.830952
370.000000 371.000000 372.000000 36.000000 30.000000 42.000000
372.000000 373.000000 374.000000 34.000000 28.169048 39.830952
374.000000 375.000000 376.000000 41.000000 34.596876 47.403124
376.000000 377.000000 378.000000 20.000000 15.527864 24.472136
378.000000 379.000000 380.000000 25.000000 20.000000 30.000000
380.000000 381.000000 382.000000 37.000000 30.917237 43.082763
382.000000 383.000000 384.000000 24.000000 19.101021 28.898979
384.000000 385.000000 386.000000 30.000000 24.522774 35.477226
386.000000 387.000000 388.000000 46.000000 39.217670 52.782330
388.000000 389.000000 390.000000 38.000000 31.835586 44.164414
390.000000 391.000000 392.000000 44.000000 37.366750 50.633250
392.000000 393.000000 394.000000 22.000000 17.309584 26.690416
394.000000 395.000000 396.000000 38.000000 31.835586 44.164414
396.000000 397.000000 398.000000 30.000000 24.522774 35.477226
398.000000 399.000000 400.000000 33.000000 27.255437 38.744563
400.000000 401.000000 402.000000 29.000000 23.614835 34.385165
402.000000 403.000000 404.000000 35.000000 29.083920 40.916080
404.000000 405.000000 406.000000 32.000000 26.343146 37.656854
406.000000 407.000000 408.000000 33.000000 27.255437 38.744563
408.000000 409.000000 410.000000 30.000000 24.522774 35.477226
410.000000 411.000000 412.000000 28.000000 22.708497 33.291503
412.000000 413.000000 414.000000 30.000000 24.522774 35.477226
414.000000 415.000000 416.000000 30.000000 24.522774 35.477226
416.000000 417.000000 418.000000 30.000000 24.522774 35.477226
418.000000 419.000000 420.000000 30.000000 24.522774 35.477226
420.000000 421.000000 422.000000 30.000000 24.522774 35.477226
422.000000 423.000000 424.000000 29.000000 23.614835 34.385165
424.000000 425.000000 426.000000 22.000000 17.309584 26.690416
426.000000 427.000000 428.000000 34.000000 28.169048 39.830952
428.000000 429.000000 430.000000 26.000000 20.900980 31.099020
430.000000 431.000000 432.000000 24.000000 19.101021 28.898979
432.000000 433.000000 434.000000 26.000000 20.900980 31.099020
434.000000 435.000000 436.000000 32.000000 26.343146 37.656854
436.000000 437.000000 438.000000 30.000000 24.522774 35.477226
438.000000 439.000000 440.000000 33.000000 27.255437 38.744563
440.000000 441.000000 442.000000 28.000000 22.708497 33.291503
442.000000 443.000000 444.000000 26.000000 20.900980 31.099020
444.000000 445.000000 446.000000 31.000000 25.432236 36.567764
446.000000 447.000000 448.000000 28.000000 22.708497 33.291503
448.000000 449.000000 450.000000 27.000000 21.803848 32.196152
450.000000 451.000000 452.000000 34.000000 28.169048 39.830952
452.000000 453.000000 454.000000 33.000000 27.255437 38.744563
454.000000 455.000000 456.000000 31.000000 25.432236 36.567764
456.000000 457.000000 458.000000 20.000000 15.527864 24.472136
458.000000 459.000000 460.000000 22.000000 17.309584 26.690416
460.000000 461.000000 462.000000 26.000000 20.900980 31.099020
462.000000 463.000000 464.000000 24.000000 19.101021 28.898979
464.000000 465.000000 466.000000 27.000000 21.803848 32.196152
466.000000 467.000000 468.000000 17.000000 12.876894 21.123106
468.000000 469.000000 470.000000 29.000000 23.614835 34.385165
470.000000 471.000000 472.000000 21.000000 16.417424 25.582576
472.000000 473.000000 474.000000 29.000000 23.614835 34.385165
474.000000 475.000000 476.000000 22.000000 17.309584 26.690416
476.000000 477.000000 478.000000 30.000000 24.522774 35.477226
478.000000 479.000000 480.000000 26.000000 20.900980 31.099020
480.000000 481.000000 482.000000 25.000000 20.000000 30.000000
482.000000 483.000000 484.000000 25.000000 20.000000 30.000000
484.000000 485.000000 486.000000 36.000000 30.000000 42.000000
486.000000 487.000000 488.000000 25.000000 20.000000 30.000000
488.000000 489.000000 490.000000 17.000000 12.876894 21.123106
490.000000 491.000000 492.000000 20.000000 15.527864 24.472136
492.000000 493.000000 494.000000 14.000000 10.258343 17.741657
494.000000 495.000000 496.000000 20.000000 15.527864 24.472136
496.000000 497.000000 498.000000 26.000000 20.900980 31.099020
498.000000 499.000000 500.000000 19.000000 14.641101 23.358899
500.000000 501.000000 502.000000 26.000000 20.900980 31.099020
502.000000 503.000000 504.000000 18.000000 13.757359 22.242641
504.000000 505.000000 506.000000 30.000000 24.522774 35.477226
506.000000 507.000000 508.000000 18.000000 13.757359 22.242641
508.000000 509.000000 510.000000 25.000000 20.000000 30.000000
510.000000 511.000000 512.000000 28.000000 22.708497 33.291503
512.000000 513.000000 514.000000 27.000000 21.803848 32.196152
514.000000 515.000000 516.000000 17.000000 12.876894 21.123106
516.000000 517.000000 518.000000 27.000000 21.803848 32.196152
518.000000 519.000000 520.000000 21.000000 16.417424 25.582576
520.000000 521.000000 522.000000 19.000000 14.641101 23.358899
522.000000 523.000000 524.000000 28.000000 22.708497 33.291503
524.000000 525.000000 526.000000 22.000000 17.309584 26.690416
526.000000 527.000000 528.000000 22.000000 17.309584 26.690416
528.000000 529.000000 530.000000 23.000000 18.204168 27.795832
530.000000 531.000000 532.000000 22.000000 17.309584 26.690416
532.000000 533.000000 534.000000 17.000000 12.876894 21.123106
534.000000 535.000000 536.000000 21.000000 16.417424 25.582576
536.000000 537.000000 538.000000 23.000000 18.204168 27.795832
538.000000 539.000000 540.000000 16.000000 12.000000 20.000000
540.000000 541.000000 542.000000 22.000000 17.309584 26.690416
542.000000 543.000000 544.000000 17.000000 12.876894 21.123106
544.000000 545.000000 546.000000 19.000000 14.641101 23.358899
546.000000 547.000000 548.000000 15.000000 11.127017 18.872983
548.000000 549.000000 550.000000 18.000000 13.757359 22.242641
550.000000 551.000000 552.000000 18.000000 13.757359 22.242641
552.000000 553.000000 554.000000 29.000000 23.614835 34.385165
554.000000 555.000000 556.000000 15.000000 11.127017 18.872983
556.000000 557.000000 558.000000 11.000000 7.683375 14.316625
558.000000 559.000000 560.000000 12.000000 8.535898 15.464102
560.000000 561.000000 562.000000 22.000000 17.309584 26.690416
562.000000 563.000000 564.000000 15.000000 11.127017 18.872983
564.000000 565.000000 566.000000 15.000000 11.127017 18.872983
566.000000 567.000000 568.000000 15.000000 11.127017 18.872983
568.000000 569.000000 570.000000 19.000000 14.641101 23.358899
570.000000 571.000000 572.000000 21.000000 16.417424 25.582576
572.000000 573.000000 574.000000 19.000000 14.641101 23.358899
574.000000 575.000000 576.000000 20.000000 15.527864 24.472136
576.000000 577.000000 578.000000 17.000000 12.876894 21.123106
578.000000 579.000000 580.000000 20.000000 15.527864 24.472136
580.000000 581.000000 582.000000 16.000000 12.000000 20.000000
582.000000 583.000000 584.000000 16.000000 12.000000 20.000000
584.000000 585.000000 586.000000 19.000000 14.641101 23.358899
586.000000 587.000000 588.000000 11.000000 7.683375 14.316625
588.000000 589.000000 590.000000 16.000000 12.000000 20.000000
590.000000 591.000000 592.000000 15.000000 11.127017 18.872983
592.000000 593.000000 594.000000 17.000000 12.876894 21.123106
594.000000 595.000000 596.000000 17.000000 12.876894 21.123106
596.000000 597.000000 598.000000 20.000000 15.527864 24.472136
598.000000 599.000000 600.000000 13.000000 9.394449 16.605551
600.000000 601.000000 602.000000 20.000000 15.527864 24.472136
602.000000 603.000000 604.000000 23.000000 18.204168 27.795832
604.000000 605.000000 606.000000 19.000000 14.641101 23.358899
606.000000 607.000000 608.000000 18.000000 13.757359 22.242641
608.000000 609.000000 610.000000 19.000000 14.641101 23.358899
610.000000 611.000000 612.000000 15.000000 11.127017 18.872983
612.000000 613.000000 614.000000 15.000000 11.127017 18.872983
614.000000 615.000000 616.000000 15.000000 11.127017 18.872983
616.000000 617.000000 618.000000 18.000000 13.757359 22.242641
618.000000 619.000000 620.000000 17.000000 12.876894 21.123106
620.000000 621.000000 622.000000 19.000000 14.641101 23.358899
622.000000 623.000000 624.000000 12.000000 8.535898 15.464102
624.000000 625.000000 626.000000 21.000000 16.417424 25.582576
626.000000 627.000000 628.000000 14.000000 10.258343 17.741657
628.000000 629.000000 630.000000 22.000000 17.309584 26.690416
630.000000 631.000000 632.000000 17.000000 12.876894 21.123106
632.000000 633.000000 634.000000 17.000000 12.876894 21.123106
634.000000 635.000000 636.000000 16.000000 12.000000 20.000000
636.000000 637.000000 638.000000 11.000000 7.683375 14.316625
638.000000 639.000000 640.000000 14.000000 10.258343 17.741657
640.000000 641.000000 642.000000 19.000000 14.641101 23.358899
642.000000 643.000000 644.000000 24.000000 19.101021 28.898979
644.000000 645.000000 646.000000 11.000000 7.683375 14.316625
646.000000 647.000000 648.000000 14.000000 10.258343 17.741657
648.000000 649.000000 650.000000 15.000000 11.127017 18.872983
650.000000 651.000000 652.000000 15.000000 11.127017 18.872983
652.000000 653.000000 654.000000 13.000000 9.394449 16.605551
654.000000 655.000000 656.000000 23.000000 18.204168 27.795832
656.000000 657.000000 658.000000 24.000000 19.101021 28.898979
658.000000 659.000000 660.000000 16.000000 12.000000 20.000000
660.000000 661.000000 662.000000 10.000000 6.837722 13.162278
662.000000 663.000000 664.000000 13.000000 9.394449 16.605551
664.000000 665.000000 666.000000 16.000000 12.000000 20.000000
666.000000 667.000000 668.000000 12.000000 8.535898 15.464102
668.000000 669.000000 670.000000 15.000000 11.127017 18.872983
670.000000 671.000000 672.000000 16.000000 12.000000 20.000000
672.000000 673.000000 674.000000 14.000000 10.258343 17.741657
674.000000 675.000000 676.000000 17.000000 12.876894 21.123106
676.000000 677.000000 678.000000 16.000000 12.000000 20.000000
678.000000 679.000000 680.000000 11.000000 7.683375 14.316625
680.000000 681.000000 682.000000 9.000000 6.000000 12.000000
682.000000 683.000000 684.000000 8.000000 5.171573 10.828427
684.000000 685.000000 686.000000 10.000000 6.837722 13.162278
686.000000 687.000000 688.000000 9.000000 6.000000 12.000000
688.000000 689.000000 690.000000 10.000000 6.837722 13.162278
690.000000 691.000000 692.000000 9.000000 6.000000 12.000000
692.000000 693.000000 694.000000 9.000000 6.000000 12.000000
694.000000 695.000000 696.000000 5.000000 2.763932 7.236068
696.000000 697.000000 698.000000 10.000000 6.837722 13.162278
698.000000 699.000000 700.000000 14.000000 10.258343 17.741657
700.000000 701.000000 702.000000 12.000000 8.535898 15.464102
702.000000 703.000000 704.000000 16.000000 12.000000 20.000000
704.000000 705.000000 706.000000 14.000000 10.258343 17.741657
706.000000 707.000000 708.000000 6.000000 3.550510 8.449490
708.000000 709.000000 710.000000 12.000000 8.535898 15.464102
710.000000 711.000000 712.000000 11.000000 7.683375 14.316625
712.000000 713.000000 714.000000 8.000000 5.171573 10.828427
714.000000 715.000000 716.000000 12.000000 8.535898 15.464102
716.000000 717.000000 718.000000 15.000000 11.127017 18.872983
718.000000 719.000000 720.000000 17.000000 12.876894 21.123106
720.000000 721.000000 722.000000 14.000000 10.258343 17.741657
722.000000 723.000000 724.000000 10.000000 6.837722 13.162278
724.000000 725.000000 726.000000 16.000000 12.000000 20.000000
726.000000 727.000000 728.000000 15.000000 11.127017 18.872983
728.000000 729.000000 730.000000 15.000000 11.127017 18.872983
730.000000 731.000000 732.000000 16.000000 12.000000 20.000000
732.000000 733.000000 734.000000 12.000000 8.535898 15.464102
734.000000 735.000000 736.000000 12.000000 8.535898 15.464102
736.000000 737.000000 738.000000 12.000000 8.535898 15.464102
738.000000 739.000000 740.000000 9.000000 6.000000 12.000000
740.000000 741.000000 742.000000 10.000000 6.837722 13.162278
742.000000 743.000000 744.000000 12.000000 8.535898 15.464102
744.000000 745.000000 746.000000 9.000000 6.000000 12.000000
746.000000 747.000000 748.000000 16.000000 12.000000 20.000000
748.000000 749.000000 750.000000 7.000000 4.354249 9.645751
750.000000 751.000000 752.000000 11.000000 7.683375 14.316625
752.000000 753.000000 754.000000 10.000000 6.837722 13.162278
754.000000 755.000000 756.000000 11.000000 7.683375 14.316625
756.000000 757.000000 758.000000 9.000000 6.000000 12.000000
758.000000 759.000000 760.000000 8.000000 5.171573 10.828427
760.000000 761.000000 762.000000 19.000000 14.641101 23.358899
762.000000 763.000000 764.000000 12.000000 8.535898 15.464102
764.000000 765.000000 766.000000 18.000000 13.757359 22.242641
766.000000 767.000000 768.000000 6.000000 3.550510 8.449490
768.000000 769.000000 770.000000 9.000000 6.000000 12.000000
770.000000 771.000000 772.000000 10.000000 6.837722 13.162278
772.000000 773.000000 774.000000 13.000000 9.394449 16.605551
774.000000 775.000000 776.000000 13.000000 9.394449 16.605551
776.000000 777.000000 778.000000 8.000000 5.171573 10.828427
778.000000 779.000000 780.000000 9.000000 6.000000 12.000000
780.000000 781.000000 782.000000 12.000000 8.535898 15.464102
782.000000 783.000000 784.000000 7.000000 4.354249 9.645751
784.000000 785.000000 786.000000 11.000000 7.683375 14.316625
786.000000 787.000000 788.000000 8.000000 5.171573 10.828427
788.000000 789.000000 790.000000 10.000000 6.837722 13.162278
790.000000 791.000000 792.000000 8.000000 5.171573 10.828427
792.000000 793.000000 794.000000 11.000000 7.683375 14.316625
794.000000 795.000000 796.000000 11.000000 7.683375 14.316625
796.000000 797.000000 798.000000 14.000000 10.258343 17.741657
798.000000 799.000000 800.000000 14.000000 10.258343 17.741657
800.000000 801.000000 802.000000 12.000000 8.535898 15.464102
802.000000 803.000000 804.000000 3.000000 1.267949 4.732051
804.000000 805.000000 806.000000 11.000000 7.683375 14.316625
806.000000 807.000000 808.000000 7.000000 4.354249 9.645751
808.000000 809.000000 810.000000 12.000000 8.535898 15.464102
810.000000 811.000000 812.000000 6.000000 3.550510 8.449490
812.000000 813.000000 814.000000 9.000000 6.000000 12.000000
814.000000 815.000000 816.000000 10.000000 6.837722 13.162278
816.000000 817.000000 818.000000 14.000000 10.258343 17.741657
818.000000 819.000000 820.000000 12.000000 8.535898 15.464102
820.000000 821.000000 822.000000 13.000000 9.394449 16.605551
822.000000 823.000000 824.000000 10.000000 6.837722 13.162278
824.000000 825.000000 826.000000 14.000000 10.258343 17.741657
826.000000 827.000000 828.000000 6.000000 3.550510 8.449490
828.000000 829.000000 830.000000 9.000000 6.000000 12.000000
830.000000 831.000000 832.000000 6.000000 3.550510 8.449490
832.000000 833.000000 834.000000 10.000000 6.837722 13.162278
834.000000 835.000000 836.000000 8.000000 5.171573 10.828427
836.000000 837.000000 838.000000 9.000000 6.000000 12.000000
838.000000 839.000000 840.000000 9.000000 6.000000 12.000000
840.000000 841.000000 842.000000 6.000000 3.550510 8.449490
842.000000 843.000000 844.000000 16.000000 12.000000 20.000000
844.000000 845.000000 846.000000 13.000000 9.394449 16.605551
846.000000 847.000000 848.000000 7.000000 4.354249 9.645751
848.000000 849.000000 850.000000 11.000000 7.683375 14.316625
850.000000 851.000000 852.000000 12.000000 8.535898 15.464102
852.000000 853.000000 854.000000 17.000000 12.876894 21.123106
854.000000 855.000000 856.000000 9.000000 6.000000 12.000000
856.000000 857.000000 858.000000 8.000000 5.171573 10.828427
858.000000 859.000000 860.000000 4.000000 2.000000 6.000000
860.000000 861.000000 862.000000 16.000000 12.000000 20.000000
862.000000 863.000000 864.000000 15.000000 11.127017 18.872983
864.000000 865.000000 866.000000 5.000000 2.763932 7.236068
866.000000 867.000000 868.000000 13.000000 9.394449 16.605551
868.000000 869.000000 870.000000 8.000000 5.171573 10.828427
870.000000 871.000000 872.000000 6.000000 3.550510 8.449490
872.000000 873.000000 874.000000 10.000000 6.837722 13.162278
874.000000 875.000000 876.000000 11.000000 7.683375 14.316625
876.000000 877.000000 878.000000 3.000000 1.267949 4.732051
878.000000 879.000000 880.000000 11.000000 7.683375 14.316625
880.000000 881.000000 882.000000 10.000000 6.837722 13.162278
882.000000 883.000000 884.000000 7.000000 4.354249 9.645751
884.000000 885.000000 886.000000 9.000000 6.000000 12.000000
886.000000 887.000000 888.000000 11.000000 7.683375 14.316625
888.000000 889.000000 890.000000 12.000000 8.535898 15.464102
890.000000 891.000000 892.000000 8.000000 5.171573 10.828427
892.000000 893.000000 894.000000 6.000000 3.550510 8.449490
894.000000 895.000000 896.000000 4.000000 2.000000 6.000000
896.000000 897.000000 898.000000 11.000000 7.683375 14.316625
898.000000 899.000000 900.000000 9.000000 6.000000 12.000000
900.000000 901.000000 902.000000 5.000000 2.763932 7.236068
902.000000 903.000000 904.000000 10.000000 6.837722 13.162278
904.000000 905.000000 906.000000 4.000000 2.000000 6.000000
906.000000 907.000000 908.000000 11.000000 7.683375 14.316625
908.000000 909.000000 910.000000 11.000000 7.683375 14.316625
910.000000 911.000000 912.000000 9.000000 6.000000 12.000000
912.000000 913.000000 914.000000 10.000000 6.837722 13.162278
914.000000 915.000000 916.000000 7.000000 4.354249 9.645751
916.000000 917.000000 918.000000 6.000000 3.550510 8.449490
918.000000 919.000000 920.000000 7.000000 4.354249 9.645751
920.000000 921.000000 922.000000 7.000000 4.354249 9.645751
922.000000 923.000000 924.000000 4.000000 2.000000 6.000000
924.000000 925.000000 926.000000 10.000000 6.837722 13.162278
926.000000 927.000000 928.000000 7.000000 4.354249 9.645751
928.000000 929.000000 930.000000 9.000000 6.000000 12.000000
930.000000 931.000000 932.000000 7.000000 4.354249 9.645751
932.000000 933.000000 934.000000 6.000000 3.550510 8.449490
934.000000 935.000000 936.000000 7.000000 4.354249 9.645751
936.000000 937.000000 938.000000 4.000000 2.000000 6.000000
938.000000 939.000000 940.000000 13.000000 9.394449 16.605551
940.000000 941.000000 942.000000 3.000000 1.267949 4.732051
942.000000 943.000000 944.000000 7.000000 4.354249 9.645751
944.000000 945.000000 946.000000 9.000000 6.000000 12.000000
946.000000 947.000000 948.000000 9.000000 6.000000 12.000000
948.000000 949.000000 950.000000 10.000000 6.837722 13.162278
950.000000 951.000000 952.000000 9.000000 6.000000 12.000000
952.000000 953.000000 954.000000 6.000000 3.550510 8.449490
954.000000 955.000000 956.000000 10.000000 6.837722 13.162278
956.000000 957.000000 958.000000 8.000000 5.171573 10.828427
958.000000 959.000000 960.000000 4.000000 2.000000 6.000000
960.000000 961.000000 962.000000 10.000000 6.837722 13.162278
962.000000 963.000000 964.000000 5.000000 2.763932 7.236068
964.000000 965.000000 966.000000 8.000000 5.171573 10.828427
966.000000 967.000000 968.000000 5.000000 2.763932 7.236068
968.000000 969.000000 970.000000 5.000000 2.763932 7.236068
970.000000 971.000000 972.000000 7.000000 4.354249 9.645751
972.000000 973.000000 974.000000 7.000000 4.354249 9.645751
974.000000 975.000000 976.000000 8.000000 5.171573 10.828427
976.000000 977.000000 978.000000 8.000000 5.171573 10.828427
978.000000 979.000000 980.000000 4.000000 2.000000 6.000000
980.000000 981.000000 982.000000 10.000000 6.837722 13.162278
982.000000 983.000000 984.000000 7.000000 4.354249 9.645751
984.000000 985.000000 986.000000 5.000000 2.763932 7.236068
986.000000 987.000000 988.000000 8.000000 5.171573 10.828427
988.000000 989.000000 990.000000 9.000000 6.000000 12.000000
990.000000 991.000000 992.000000 8.000000 5.171573 10.828427
992.000000 993.000000 994.000000 6.000000 3.550510 8.449490
994.000000 995.000000 996.000000 7.000000 4.354249 9.645751
996.000000 997.000000 998.000000 6.000000 3.550510 8.449490
