-1000.000000 -999.000000 -998.000000 6.000000 3.550510 8.449490
-998.000000 -997.000000 -996.000000 5.000000 2.763932 7.236068
-996.000000 -995.000000 -994.000000 1.000000 0.000000 2.000000
-994.000000 -993.000000 -992.000000 9.000000 6.000000 12.000000
-992.000000 -991.000000 -990.000000 7.000000 4.354249 9.645751
-990.000000 -989.000000 -988.000000 7.000000 4.354249 9.645751
-988.000000 -987.000000 -986.000000 7.000000 4.354249 9.645751
-986.000000 -985.000000 -984.000000 8.000000 5.171573 10.828427
-984.000000 -983.000000 -982.000000 7.000000 4.354249 9.645751
-982.000000 -981.000000 -980.000000 6.000000 3.550510 8.449490
-980.000000 -979.000000 -978.000000 14.000000 10.258343 17.741657
-978.000000 -977.000000 -976.000000 8.000000 5.171573 10.828427
-976.000000 -975.000000 -974.000000 5.000000 2.763932 7.236068
-974.000000 -973.000000 -972.000000 8.000000 5.171573 10.828427
-972.000000 -971.000000 -970.000000 7.000000 4.354249 9.645751
-970.000000 -969.000000 -968.000000 8.000000 5.171573 10.828427
-968.000000 -967.000000 -966.000000 6.000000 3.550510 8.449490
-966.000000 -965.000000 -964.000000 7.000000 4.354249 9.645751
-964.000000 -963.000000 -962.000000 5.000000 2.763932 7.236068
-962.000000 -961.000000 -960.000000 11.000000 7.683375 14.316625
-960.000000 -959.000000 -958.000000 9.000000 6.000000 12.000000
-958.000000 -957.000000 -956.000000 13.000000 9.394449 16.605551
-956.000000 -955.000000 -954.000000 12.000000 8.535898 15.464102
-954.000000 -953.000000 -952.000000 10.000000 6.837722 13.162278
-952.000000 -951.000000 -950.000000 6.000000 3.550510 8.449490
-950.000000 -949.000000 -948.000000 2.000000 0.585786 3.414214
-948.000000 -947.000000 -946.000000 5.000000 2.763932 7.236068
-946.000000 -945.000000 -944.000000 5.000000 2.763932 7.236068
-944.000000 -943.000000 -942.000000 6.000000 3.550510 8.449490
-942.000000 -941.000000 -940.000000 10.000000 6.837722 13.162278
-940.000000 -939.000000 -938.000000 11.000000 7.683375 14.316625
-938.000000 -937.000000 -936.000000 6.000000 3.550510 8.449490
-936.000000 -935.000000 -934.000000 6.000000 3.550510 8.449490
-934.000000 -933.000000 -932.000000 6.000000 3.550510 8.449490
-932.000000 -931.000000 -930.000000 11.000000 7.683375 14.316625
-930.000000 -929.000000 -928.000000 5.000000 2.763932 7.236068
-928.000000 -927.000000 -926.000000 7.000000 4.354249 9.645751
-926.000000 -925.000000 -924.000000 8.000000 5.171573 10.828427
-924.000000 -923.000000 -922.000000 6.000000 3.550510 8.449490
-922.000000 -921.000000 -920.000000 5.000000 2.763932 7.236068
-920.000000 -919.000000 -918.000000 6.000000 3.550510 8.449490
-918.000000 -917.000000 -916.000000 5.000000 2.763932 7.236068
-916.000000 -915.000000 -914.000000 8.000000 5.171573 10.828427
-914.000000 -913.000000 -912.000000 3.000000 1.267949 4.732051
-912.000000 -911.000000 -910.000000 9.000000 6.000000 12.000000
-910.000000 -909.000000 -908.000000 9.000000 6.000000 12.000000
-908.000000 -907.000000 -906.000000 7.000000 4.354249 9.645751
-906.000000 -905.000000 -904.000000 10.000000 6.837722 13.162278
-904.000000 -903.000000 -902.000000 4.000000 2.000000 6.000000
-902.000000 -901.000000 -900.000000 6.000000 3.550510 8.449490
-900.000000 -899.000000 -898.000000 12.000000 8.535898 15.464102
-898.000000 -897.000000 -896.000000 5.000000 2.763932 7.236068
-896.000000 -895.000000 -894.000000 9.000000 6.000000 12.000000
-894.000000 -893.000000 -892.000000 3.000000 1.267949 4.732051
-892.000000 -891.000000 -890.000000 6.000000 3.550510 8.449490
-890.000000 -889.000000 -888.000000 6.000000 3.550510 8.449490
-888.000000 -887.000000 -886.000000 13.000000 9.394449 16.605551
-886.000000 -885.000000 -884.000000 9.000000 6.000000 12.000000
-884.000000 -883.000000 -882.000000 9.000000 6.000000 12.000000
-882.000000 -881.000000 -880.000000 12.000000 8.535898 15.464102
-880.000000 -879.000000 -878.000000 13.000000 9.394449 16.605551
-878.000000 -877.000000 -876.000000 7.000000 4.354249 9.645751
-876.000000 -875.000000 -874.000000 11.000000 7.683375 14.316625
-874.000000 -873.000000 -872.000000 6.000000 3.550510 8.449490
-872.000000 -871.000000 -870.000000 6.000000 3.550510 8.449490
-870.000000 -869.000000 -868.000000 5.000000 2.763932 7.236068
-868.000000 -867.000000 -866.000000 2.000000 0.585786 3.414214
-866.000000 -865.000000 -864.000000 2.000000 0.585786 3.414214
-864.000000 -863.000000 -862.000000 7.000000 4.354249 9.645751
-862.000000 -861.000000 -860.000000 7.000000 4.354249 9.645751
-860.000000 -859.000000 -858.000000 9.000000 6.000000 12.000000
-858.000000 -857.000000 -856.000000 5.000000 2.763932 7.236068
-856.000000 -855.000000 -854.000000 10.000000 6.837722 13.162278
-854.000000 -853.000000 -852.000000 12.000000 8.535898 15.464102
-852.000000 -851.000000 -850.000000 4.000000 2.000000 6.000000
-850.000000 -849.000000 -848.000000 5.000000 2.763932 7.236068
-848.000000 -847.000000 -846.000000 4.000000 2.000000 6.000000
-846.000000 -845.000000 -844.000000 6.000000 3.550510 8.449490
-844.000000 -843.000000 -842.000000 6.000000 3.550510 8.449490
-842.000000 -841.000000 -840.000000 6.000000 3.550510 8.449490
-840.000000 -839.000000 -838.000000 7.000000 4.354249 9.645751
-838.000000 -837.000000 -836.000000 8.000000 5.171573 10.828427
-836.000000 -835.000000 -834.000000 10.000000 6.837722 13.162278
-834.000000 -833.000000 -832.000000 6.000000 3.550510 8.449490
-832.000000 -831.000000 -830.000000 8.000000 5.171573 10.828427
-830.000000 -829.000000 -828.000000 13.000000 9.394449 16.605551
-828.000000 -827.000000 -826.000000 9.000000 6.000000 12.000000
-826.000000 -825.000000 -824.000000 10.000000 6.837722 13.162278
-824.000000 -823.000000 -822.000000 14.000000 10.258343 17.741657
-822.000000 -821.000000 -820.000000 8.000000 5.171573 10.828427
-820.000000 -819.000000 -818.000000 7.000000 4.354249 9.645751
-818.000000 -817.000000 -816.000000 7.000000 4.354249 9.645751
-816.000000 -815.000000 -814.000000 10.000000 6.837722 13.162278
-814.000000 -813.000000 -812.000000 4.000000 2.000000 6.000000
-812.000000 -811.000000 -810.000000 7.000000 4.354249 9.645751
-810.000000 -809.000000 -808.000000 5.000000 2.763932 7.236068
-808.000000 -807.000000 -806.000000 9.000000 6.000000 12.000000
-806.000000 -805.000000 -804.000000 5.000000 2.763932 7.236068
-804.000000 -803.000000 -802.000000 9.000000 6.000000 12.000000
-802.000000 -801.000000 -800.000000 4.000000 2.000000 6.000000
-800.000000 -799.000000 -798.000000 9.000000 6.000000 12.000000
-798.000000 -797.000000 -796.000000 6.000000 3.550510 8.449490
-796.000000 -795.000000 -794.000000 9.000000 6.000000 12.000000
-794.000000 -793.000000 -792.000000 8.000000 5.171573 10.828427
-792.000000 -791.000000 -790.000000 5.000000 2.763932 7.236068
-790.000000 -789.000000 -788.000000 10.000000 6.837722 13.162278
-788.000000 -787.000000 -786.000000 7.000000 4.354249 9.645751
-786.000000 -785.000000 -784.000000 11.000000 7.683375 14.316625
-784.000000 -783.000000 -782.000000 8.000000 5.171573 10.828427
-782.000000 -781.000000 -780.000000 7.000000 4.354249 9.645751
-780.000000 -779.000000 -778.000000 7.000000 4.354249 9.645751
-778.000000 -777.000000 -776.000000 9.000000 6.000000 12.000000
-776.000000 -775.000000 -774.000000 5.000000 2.763932 7.236068
-774.000000 -773.000000 -772.000000 5.000000 2.763932 7.236068
-772.000000 -771.000000 -770.000000 7.000000 4.354249 9.645751
-770.000000 -769.000000 -768.000000 10.000000 6.837722 13.162278
-768.000000 -767.000000 -766.000000 3.000000 1.267949 4.732051
-766.000000 -765.000000 -764.000000 12.000000 8.535898 15.464102
-764.000000 -763.000000 -762.000000 7.000000 4.354249 9.645751
-762.000000 -761.000000 -760.000000 6.000000 3.550510 8.449490
-760.000000 -759.000000 -758.000000 14.000000 10.258343 17.741657
-758.000000 -757.000000 -756.000000 7.000000 4.354249 9.645751
-756.000000 -755.000000 -754.000000 6.000000 3.550510 8.449490
-754.000000 -753.000000 -752.000000 8.000000 5.171573 10.828427
-752.000000 -751.000000 -750.000000 8.000000 5.171573 10.828427
-750.000000 -749.000000 -748.000000 8.000000 5.171573 10.828427
-748.000000 -747.000000 -746.000000 7.000000 4.354249 9.645751
-746.000000 -745.000000 -744.000000 13.000000 9.394449 16.605551
-744.000000 -743.000000 -742.000000 9.000000 6.000000 12.000000
-742.000000 -741.000000 -740.000000 5.000000 2.763932 7.236068
-740.000000 -739.000000 -738.000000 8.000000 5.171573 10.828427
-738.000000 -737.000000 -736.000000 5.000000 2.763932 7.236068
-736.000000 -735.000000 -734.000000 9.000000 6.000000 12.000000
-734.000000 -733.000000 -732.000000 7.000000 4.354249 9.645751
-732.000000 -731.000000 -730.000000 6.000000 3.550510 8.449490
-730.000000 -729.000000 -728.000000 8.000000 5.171573 10.828427
-728.000000 -727.000000 -726.000000 5.000000 2.763932 7.236068
-726.000000 -725.000000 -724.000000 9.000000 6.000000 12.000000
-724.000000 -723.000000 -722.000000 7.000000 4.354249 9.645751
-722.000000 -721.000000 -720.000000 10.000000 6.837722 13.162278
-720.000000 -719.000000 -718.000000 10.000000 6.837722 13.162278
-718.000000 -717.000000 -716.000000 12.000000 8.535898 15.464102
-716.000000 -715.000000 -714.000000 10.000000 6.837722 13.162278
-714.000000 -713.000000 -712.000000 6.000000 3.550510 8.449490
-712.000000 -711.000000 -710.000000 10.000000 6.837722 13.162278
-710.000000 -709.000000 -708.000000 5.000000 2.763932 7.236068
-708.000000 -707.000000 -706.000000 4.000000 2.000000 6.000000
-706.000000 -705.000000 -704.000000 2.000000 0.585786 3.414214
-704.000000 -703.000000 -702.000000 11.000000 7.683375 14.316625
-702.000000 -701.000000 -700.000000 7.000000 4.354249 9.645751
-700.000000 -699.000000 -698.000000 8.000000 5.171573 10.828427
-698.000000 -697.000000 -696.000000 11.000000 7.683375 14.316625
-696.000000 -695.000000 -694.000000 5.000000 2.763932 7.236068
-694.000000 -693.000000 -692.000000 4.000000 2.000000 6.000000
-692.000000 -691.000000 -690.000000 6.000000 3.550510 8.449490
-690.000000 -689.000000 -688.000000 6.000000 3.550510 8.449490
-688.000000 -687.000000 -686.000000 4.000000 2.000000 6.000000
-686.000000 -685.000000 -684.000000 3.000000 1.267949 4.732051
-684.000000 -683.000000 -682.000000 10.000000 6.837722 13.162278
-682.000000 -681.000000 -680.000000 10.000000 6.837722 13.162278
-680.000000 -679.000000 -678.000000 6.000000 3.550510 8.449490
-678.000000 -677.000000 -676.000000 4.000000 2.000000 6.000000
-676.000000 -675.000000 -674.000000 10.000000 6.837722 13.162278
-674.000000 -673.000000 -672.000000 9.000000 6.000000 12.000000
-672.000000 -671.000000 -670.000000 9.000000 6.000000 12.000000
-670.000000 -669.000000 -668.000000 7.000000 4.354249 9.645751
-668.000000 -667.000000 -666.000000 7.000000 4.354249 9.645751
-666.000000 -665.000000 -664.000000 7.000000 4.354249 9.645751
-664.000000 -663.000000 -662.000000 7.000000 4.354249 9.645751
-662.000000 -661.000000 -660.000000 6.000000 3.550510 8.449490
-660.000000 -659.000000 -658.000000 11.000000 7.683375 14.316625
-658.000000 -657.000000 -656.000000 9.000000 6.000000 12.000000
-656.000000 -655.000000 -654.000000 6.000000 3.550510 8.449490
-654.000000 -653.000000 -652.000000 9.000000 6.000000 12.000000
-652.000000 -651.000000 -650.000000 12.000000 8.535898 15.464102
-650.000000 -649.000000 -648.000000 4.000000 2.000000 6.000000
-648.000000 -647.000000 -646.000000 9.000000 6.000000 12.000000
-646.000000 -645.000000 -644.000000 4.000000 2.000000 6.000000
-644.000000 -643.000000 -642.000000 4.000000 2.000000 6.000000
-642.000000 -641.000000 -640.000000 9.000000 6.000000 12.000000
-640.000000 -639.000000 -638.000000 4.000000 2.000000 6.000000
-638.000000 -637.000000 -636.000000 12.000000 8.535898 15.464102
-636.000000 -635.000000 -634.000000 5.000000 2.763932 7.236068
-634.000000 -633.000000 -632.000000 6.000000 3.550510 8.449490
-632.000000 -631.000000 -630.000000 9.000000 6.000000 12.000000
-630.000000 -629.000000 -628.000000 8.000000 5.171573 10.828427
-628.000000 -627.000000 -626.000000 9.000000 6.000000 12.000000
-626.000000 -625.000000 -624.000000 11.000000 7.683375 14.316625
-624.000000 -623.000000 -622.000000 10.000000 6.837722 13.162278
-622.000000 -621.000000 -620.000000 6.000000 3.550510 8.449490
-620.000000 -619.000000 -618.000000 6.000000 3.550510 8.449490
-618.000000 -617.000000 -616.000000 9.000000 6.000000 12.000000
-616.000000 -615.000000 -614.000000 7.000000 4.354249 9.645751
-614.000000 -613.000000 -612.000000 10.000000 6.837722 13.162278
-612.000000 -611.000000 -610.000000 14.000000 10.258343 17.741657
-610.000000 -609.000000 -608.000000 1.000000 0.000000 2.000000
-608.000000 -607.000000 -606.000000 13.000000 9.394449 16.605551
-606.000000 -605.000000 -604.000000 6.000000 3.550510 8.449490
-604.000000 -603.000000 -602.000000 7.000000 4.354249 9.645751
-602.000000 -601.000000 -600.000000 11.000000 7.683375 14.316625
-600.000000 -599.000000 -598.000000 8.000000 5.171573 10.828427
-598.000000 -597.000000 -596.000000 8.000000 5.171573 10.828427
-596.000000 -595.000000 -594.000000 7.000000 4.354249 9.645751
-594.000000 -593.000000 -592.000000 6.000000 3.550510 8.449490
-592.000000 -591.000000 -590.000000 13.000000 9.394449 16.605551
-590.000000 -589.000000 -588.000000 5.000000 2.763932 7.236068
-588.000000 -587.000000 -586.000000 14.000000 10.258343 17.741657
-586.000000 -585.000000 -584.000000 9.000000 6.000000 12.000000
-584.000000 -583.000000 -582.000000 5.000000 2.763932 7.236068
-582.000000 -581.000000 -580.000000 11.000000 7.683375 14.316625
-580.000000 -579.000000 -578.000000 2.000000 0.585786 3.414214
-578.000000 -577.000000 -576.000000 5.000000 2.763932 7.236068
-576.000000 -575.000000 -574.000000 3.000000 1.267949 4.732051
-574.000000 -573.000000 -572.000000 7.000000 4.354249 9.645751
-572.000000 -571.000000 -570.000000 9.000000 6.000000 12.000000
-570.000000 -569.000000 -568.000000 12.000000 8.535898 15.464102
-568.000000 -567.000000 -566.000000 4.000000 2.000000 6.000000
-566.000000 -565.000000 -564.000000 4.000000 2.000000 6.000000
-564.000000 -563.000000 -562.000000 5.000000 2.763932 7.236068
-562.000000 -561.000000 -560.000000 7.000000 4.354249 9.645751
-560.000000 -559.000000 -558.000000 6.000000 3.550510 8.449490
-558.000000 -557.000000 -556.000000 9.000000 6.000000 12.000000
-556.000000 -555.000000 -554.000000 11.000000 7.683375 14.316625
-554.000000 -553.000000 -552.000000 10.000000 6.837722 13.162278
-552.000000 -551.000000 -550.000000 11.000000 7.683375 14.316625
-550.000000 -549.000000 -548.000000 8.000000 5.171573 10.828427
-548.000000 -547.000000 -546.000000 6.000000 3.550510 8.449490
-546.000000 -545.000000 -544.000000 11.000000 7.683375 14.316625
-544.000000 -543.000000 -542.000000 3.000000 1.267949 4.732051
-542.000000 -541.000000 -540.000000 4.000000 2.000000 6.000000
-540.000000 -539.000000 -538.000000 4.000000 2.000000 6.000000
-538.000000 -537.000000 -536.000000 2.000000 0.585786 3.414214
-536.000000 -535.000000 -534.000000 9.000000 6.000000 12.000000
-534.000000 -533.000000 -532.000000 7.000000 4.354249 9.645751
-532.000000 -531.000000 -530.000000 5.000000 2.763932 7.236068
-530.000000 -529.000000 -528.000000 2.000000 0.585786 3.414214
-528.000000 -527.000000 -526.000000 10.000000 6.837722 13.162278
-526.000000 -525.000000 -524.000000 8.000000 5.171573 10.828427
-524.000000 -523.000000 -522.000000 10.000000 6.837722 13.162278
-522.000000 -521.000000 -520.000000 5.000000 2.763932 7.236068
-520.000000 -519.000000 -518.000000 7.000000 4.354249 9.645751
-518.000000 -517.000000 -516.000000 9.000000 6.000000 12.000000
-516.000000 -515.000000 -514.000000 14.000000 10.258343 17.741657
-514.000000 -513.000000 -512.000000 4.000000 2.000000 6.000000
-512.000000 -511.000000 -510.000000 5.000000 2.763932 7.236068
-510.000000 -509.000000 -508.000000 8.000000 5.171573 10.828427
-508.000000 -507.000000 -506.000000 5.000000 2.763932 7.236068
-506.000000 -505.000000 -504.000000 8.000000 5.171573 10.828427
-504.000000 -503.000000 -502.000000 7.000000 4.354249 9.645751
-502.000000 -501.000000 -500.000000 6.000000 3.550510 8.449490
-500.000000 -499.000000 -498.000000 5.000000 2.763932 7.236068
-498.000000 -497.000000 -496.000000 8.000000 5.171573 10.828427
-496.000000 -495.000000 -494.000000 7.000000 4.354249 9.645751
-494.000000 -493.000000 -492.000000 6.000000 3.550510 8.449490
-492.000000 -491.000000 -490.000000 11.000000 7.683375 14.316625
-490.000000 -489.000000 -488.000000 8.000000 5.171573 10.828427
-488.000000 -487.000000 -486.000000 4.000000 2.000000 6.000000
-486.000000 -485.000000 -484.000000 10.000000 6.837722 13.162278
-484.000000 -483.000000 -482.000000 5.000000 2.763932 7.236068
-482.000000 -481.000000 -480.000000 4.000000 2.000000 6.000000
-480.000000 -479.000000 -478.000000 11.000000 7.683375 14.316625
-478.000000 -477.000000 -476.000000 6.000000 3.550510 8.449490
-476.000000 -475.000000 -474.000000 9.000000 6.000000 12.000000
-474.000000 -473.000000 -472.000000 2.000000 0.585786 3.414214
-472.000000 -471.000000 -470.000000 8.000000 5.171573 10.828427
-470.000000 -469.000000 -468.000000 6.000000 3.550510 8.449490
-468.000000 -467.000000 -466.000000 8.000000 5.171573 10.828427
-466.000000 -465.000000 -464.000000 7.000000 4.354249 9.645751
-464.000000 -463.000000 -462.000000 7.000000 4.354249 9.645751
-462.000000 -461.000000 -460.000000 8.000000 5.171573 10.828427
-460.000000 -459.000000 -458.000000 7.000000 4.354249 9.645751
-458.000000 -457.000000 -456.000000 7.000000 4.354249 9.645751
-456.000000 -455.000000 -454.000000 10.000000 6.837722 13.162278
-454.000000 -453.000000 -452.000000 6.000000 3.550510 8.449490
-452.000000 -451.000000 -450.000000 10.000000 6.837722 13.162278
-450.000000 -449.000000 -448.000000 7.000000 4.354249 9.645751
-448.000000 -447.000000 -446.000000 8.000000 5.171573 10.828427
-446.000000 -445.000000 -444.000000 10.000000 6.837722 13.162278
-444.000000 -443.000000 -442.000000 5.000000 2.763932 7.236068
-442.000000 -441.000000 -440.000000 4.000000 2.000000 6.000000
-440.000000 -439.000000 -438.000000 5.000000 2.763932 7.236068
-438.000000 -437.000000 -436.000000 8.000000 5.171573 10.828427
-436.000000 -435.000000 -434.000000 13.000000 9.394449 16.605551
-434.000000 -433.000000 -432.000000 6.000000 3.550510 8.449490
-432.000000 -431.000000 -430.000000 6.000000 3.550510 8.449490
-430.000000 -429.000000 -428.000000 7.000000 4.354249 9.645751
-428.000000 -427.000000 -426.000000 5.000000 2.763932 7.236068
-426.000000 -425.000000 -424.000000 8.000000 5.171573 10.828427
-424.000000 -423.000000 -422.000000 4.000000 2.000000 6.000000
-422.000000 -421.000000 -420.000000 9.000000 6.000000 12.000000
-420.000000 -419.000000 -418.000000 9.000000 6.000000 12.000000
-418.000000 -417.000000 -416.000000 9.000000 6.000000 12.000000
-416.000000 -415.000000 -414.000000 9.000000 6.000000 12.000000
-414.000000 -413.000000 -412.000000 12.000000 8.535898 15.464102
-412.000000 -411.000000 -410.000000 3.000000 1.267949 4.732051
-410.000000 -409.000000 -408.000000 4.000000 2.000000 6.000000
-408.000000 -407.000000 -406.000000 7.000000 4.354249 9.645751
-406.000000 -405.000000 -404.000000 7.000000 4.354249 9.645751
-404.000000 -403.000000 -402.000000 10.000000 6.837722 13.162278
-402.000000 -401.000000 -400.000000 10.000000 6.837722 13.162278
-400.000000 -399.000000 -398.000000 12.000000 8.535898 15.464102
-398.000000 -397.000000 -396.000000 8.000000 5.171573 10.828427
-396.000000 -395.000000 -394.000000 8.000000 5.171573 10.828427
-394.000000 -393.000000 -392.000000 10.000000 6.837722 13.162278
-392.000000 -391.000000 -390.000000 11.000000 7.683375 14.316625
-390.000000 -389.000000 -388.000000 11.000000 7.683375 14.316625
-388.000000 -387.000000 -386.000000 6.000000 3.550510 8.449490
-386.000000 -385.000000 -384.000000 10.000000 6.837722 13.162278
-384.000000 -383.000000 -382.000000 8.000000 5.171573 10.828427
-382.000000 -381.000000 -380.000000 10.000000 6.837722 13.162278
-380.000000 -379.000000 -378.000000 14.000000 10.258343 17.741657
-378.000000 -377.000000 -376.000000 7.000000 4.354249 9.645751
-376.000000 -375.000000 -374.000000 4.000000 2.000000 6.000000
-374.000000 -373.000000 -372.000000 7.000000 4.354249 9.645751
-372.000000 -371.000000 -370.000000 9.000000 6.000000 12.000000
-370.000000 -369.000000 -368.000000 10.000000 6.837722 13.162278
-368.000000 -367.000000 -366.000000 5.000000 2.763932 7.236068
-366.000000 -365.000000 -364.000000 11.000000 7.683375 14.316625
-364.000000 -363.000000 -362.000000 8.000000 5.171573 10.828427
-362.000000 -361.000000 -360.000000 6.000000 3.550510 8.449490
-360.000000 -359.000000 -358.000000 7.000000 4.354249 9.645751
-358.000000 -357.000000 -356.000000 4.000000 2.000000 6.000000
-356.000000 -355.000000 -354.000000 6.000000 3.550510 8.449490
-354.000000 -353.000000 -352.000000 7.000000 4.354249 9.645751
-352.000000 -351.000000 -350.000000 2.000000 0.585786 3.414214
-350.000000 -349.000000 -348.000000 6.000000 3.550510 8.449490
-348.000000 -347.000000 -346.000000 6.000000 3.550510 8.449490
-346.000000 -345.000000 -344.000000 8.000000 5.171573 10.828427
-344.000000 -343.000000 -342.000000 9.000000 6.000000 12.000000
-342.000000 -341.000000 -340.000000 8.000000 5.171573 10.828427
-340.000000 -339.000000 -338.000000 11.000000 7.683375 14.316625
-338.000000 -337.000000 -336.000000 15.000000 11.127017 18.872983
-336.000000 -335.000000 -334.000000 3.000000 1.267949 4.732051
-334.000000 -333.000000 -332.000000 8.000000 5.171573 10.828427
-332.000000 -331.000000 -330.000000 6.000000 3.550510 8.449490
-330.000000 -329.000000 -328.000000 8.000000 5.171573 10.828427
-328.000000 -327.000000 -326.000000 10.000000 6.837722 13.162278
-326.000000 -325.000000 -324.000000 5.000000 2.763932 7.236068
-324.000000 -323.000000 -322.000000 6.000000 3.550510 8.449490
-322.000000 -321.000000 -320.000000 9.000000 6.000000 12.000000
-320.000000 -319.000000 -318.000000 7.000000 4.354249 9.645751
-318.000000 -317.000000 -316.000000 9.000000 6.000000 12.000000
-316.000000 -315.000000 -314.000000 4.000000 2.000000 6.000000
-314.000000 -313.000000 -312.000000 9.000000 6.000000 12.000000
-312.000000 -311.000000 -310.000000 7.000000 4.354249 9.645751
-310.000000 -309.000000 -308.000000 4.000000 2.000000 6.000000
-308.000000 -307.000000 -306.000000 6.000000 3.550510 8.449490
-306.000000 -305.000000 -304.000000 6.000000 3.550510 8.449490
-304.000000 -303.000000 -302.000000 13.000000 9.394449 16.605551
-302.000000 -301.000000 -300.000000 12.000000 8.535898 15.464102
-300.000000 -299.000000 -298.000000 5.000000 2.763932 7.236068
-298.000000 -297.000000 -296.000000 7.000000 4.354249 9.645751
-296.000000 -295.000000 -294.000000 8.000000 5.171573 10.828427
-294.000000 -293.000000 -292.000000 6.000000 3.550510 8.449490
-292.000000 -291.000000 -290.000000 11.000000 7.683375 14.316625
-290.000000 -289.000000 -288.000000 6.000000 3.550510 8.449490
-288.000000 -287.000000 -286.000000 8.000000 5.171573 10.828427
-286.000000 -285.000000 -284.000000 7.000000 4.354249 9.645751
-284.000000 -283.000000 -282.000000 14.000000 10.258343 17.741657
-282.000000 -281.000000 -280.000000 9.000000 6.000000 12.000000
-280.000000 -279.000000 -278.000000 7.000000 4.354249 9.645751
-278.000000 -277.000000 -276.000000 13.000000 9.394449 16.605551
-276.000000 -275.000000 -274.000000 8.000000 5.171573 10.828427
-274.000000 -273.000000 -272.000000 8.000000 5.171573 10.828427
-272.000000 -271.000000 -270.000000 7.000000 4.354249 9.645751
-270.000000 -269.000000 -268.000000 4.000000 2.000000 6.000000
-268.000000 -267.000000 -266.000000 7.000000 4.354249 9.645751
-266.000000 -265.000000 -264.000000 9.000000 6.000000 12.000000
-264.000000 -263.000000 -262.000000 4.000000 2.000000 6.000000
-262.000000 -261.000000 -260.000000 9.000000 6.000000 12.000000
-260.000000 -259.000000 -258.000000 6.000000 3.550510 8.449490
-258.000000 -257.000000 -256.000000 8.000000 5.171573 10.828427
-256.000000 -255.000000 -254.000000 8.000000 5.171573 10.828427
-254.000000 -253.000000 -252.000000 11.000000 7.683375 14.316625
-252.000000 -251.000000 -250.000000 10.000000 6.837722 13.162278
-250.000000 -249.000000 -248.000000 4.000000 2.000000 6.000000
-248.000000 -247.000000 -246.000000 7.000000 4.354249 9.645751
-246.000000 -245.000000 -244.000000 12.000000 8.535898 15.464102
-244.000000 -243.000000 -242.000000 6.000000 3.550510 8.449490
-242.000000 -241.000000 -240.000000 7.000000 4.354249 9.645751
-240.000000 -239.000000 -238.000000 6.000000 3.550510 8.449490
-238.000000 -237.000000 -236.000000 6.000000 3.550510 8.449490
-236.000000 -235.000000 -234.000000 6.000000 3.550510 8.449490
-234.000000 -233.000000 -232.000000 7.000000 4.354249 9.645751
-232.000000 -231.000000 -230.000000 7.000000 4.354249 9.645751
-230.000000 -229.000000 -228.000000 7.000000 4.354249 9.645751
-228.000000 -227.000000 -226.000000 4.000000 2.000000 6.000000
-226.000000 -225.000000 -224.000000 7.000000 4.354249 9.645751
-224.000000 -223.000000 -222.000000 4.000000 2.000000 6.000000
-222.000000 -221.000000 -220.000000 6.000000 3.550510 8.449490
-220.000000 -219.000000 -218.000000 9.000000 6.000000 12.000000
-218.000000 -217.000000 -216.000000 10.000000 6.837722 13.162278
-216.000000 -215.000000 -214.000000 7.000000 4.354249 9.645751
-214.000000 -213.000000 -212.000000 5.000000 2.763932 7.236068
-212.000000 -211.000000 -210.000000 10.000000 6.837722 13.162278
-210.000000 -209.000000 -208.000000 5.000000 2.763932 7.236068
-208.000000 -207.000000 -206.000000 7.000000 4.354249 9.645751
-206.000000 -205.000000 -204.000000 10.000000 6.837722 13.162278
-204.000000 -203.000000 -202.000000 3.000000 1.267949 4.732051
-202.000000 -201.000000 -200.000000 3.000000 1.267949 4.732051
-200.000000 -199.000000 -198.000000 6.000000 3.550510 8.449490
-198.000000 -197.000000 -196.000000 6.000000 3.550510 8.449490
-196.000000 -195.000000 -194.000000 9.000000 6.000000 12.000000
-194.000000 -193.000000 -192.000000 8.000000 5.171573 10.828427
-192.000000 -191.000000 -190.000000 5.000000 2.763932 7.236068
-190.000000 -189.000000 -188.000000 6.000000 3.550510 8.449490
-188.000000 -187.000000 -186.000000 8.000000 5.171573 10.828427
-186.000000 -185.000000 -184.000000 7.000000 4.354249 9.645751
-184.000000 -183.000000 -182.000000 8.000000 5.171573 10.828427
-182.000000 -181.000000 -180.000000 11.000000 7.683375 14.316625
-180.000000 -179.000000 -178.000000 10.000000 6.837722 13.162278
-178.000000 -177.000000 -176.000000 5.000000 2.763932 7.236068
-176.000000 -175.000000 -174.000000 6.000000 3.550510 8.449490
-174.000000 -173.000000 -172.000000 11.000000 7.683375 14.316625
-172.000000 -171.000000 -170.000000 4.000000 2.000000 6.000000
-170.000000 -169.000000 -168.000000 6.000000 3.550510 8.449490
-168.000000 -167.000000 -166.000000 3.000000 1.267949 4.732051
-166.000000 -165.000000 -164.000000 5.000000 2.763932 7.236068
-164.000000 -163.000000 -162.000000 6.000000 3.550510 8.449490
-162.000000 -161.000000 -160.000000 7.000000 4.354249 9.645751
-160.000000 -159.000000 -158.000000 10.000000 6.837722 13.162278
-158.000000 -157.000000 -156.000000 11.000000 7.683375 14.316625
-156.000000 -155.000000 -154.000000 11.000000 7.683375 14.316625
-154.000000 -153.000000 -152.000000 8.000000 5.171573 10.828427
-152.000000 -151.000000 -150.000000 8.000000 5.171573 10.828427
-150.000000 -149.000000 -148.000000 12.000000 8.535898 15.464102
-148.000000 -147.000000 -146.000000 14.000000 10.258343 17.741657
-146.000000 -145.000000 -144.000000 11.000000 7.683375 14.316625
-144.000000 -143.000000 -142.000000 9.000000 6.000000 12.000000
-142.000000 -141.000000 -140.000000 7.000000 4.354249 9.645751
-140.000000 -139.000000 -138.000000 10.000000 6.837722 13.162278
-138.000000 -137.000000 -136.000000 7.000000 4.354249 9.645751
-136.000000 -135.000000 -134.000000 10.000000 6.837722 13.162278
-134.000000 -133.000000 -132.000000 6.000000 3.550510 8.449490
-132.000000 -131.000000 -130.000000 3.000000 1.267949 4.732051
-130.000000 -129.000000 -128.000000 9.000000 6.000000 12.000000
-128.000000 -127.000000 -126.000000 6.000000 3.550510 8.449490
-126.000000 -125.000000 -124.000000 8.000000 5.171573 10.828427
-124.000000 -123.000000 -122.000000 8.000000 5.171573 10.828427
-122.000000 -121.000000 -120.000000 6.000000 3.550510 8.449490
-120.000000 -119.000000 -118.000000 9.000000 6.000000 12.000000
-118.000000 -117.000000 -116.000000 8.000000 5.171573 10.828427
-116.000000 -115.000000 -114.000000 6.000000 3.550510 8.449490
-114.000000 -113.000000 -112.000000 11.000000 7.683375 14.316625
-112.000000 -111.000000 -110.000000 3.000000 1.267949 4.732051
-110.000000 -109.000000 -108.000000 6.000000 3.550510 8.449490
-108.000000 -107.000000 -106.000000 6.000000 3.550510 8.449490
-106.000000 -105.000000 -104.000000 14.000000 10.258343 17.741657
-104.000000 -103.000000 -102.000000 5.000000 2.763932 7.236068
-102.000000 -101.000000 -100.000000 8.000000 5.171573 10.828427
-100.000000 -99.000000 -98.000000 9.000000 6.000000 12.000000
-98.000000 -97.000000 -96.000000 7.000000 4.354249 9.645751
-96.000000 -95.000000 -94.000000 10.000000 6.837722 13.162278
-94.000000 -93.000000 -92.000000 8.000000 5.171573 10.828427
-92.000000 -91.000000 -90.000000 3.000000 1.267949 4.732051
-90.000000 -89.000000 -88.000000 8.000000 5.171573 10.828427
-88.000000 -87.000000 -86.000000 7.000000 4.354249 9.645751
-86.000000 -85.000000 -84.000000 5.000000 2.763932 7.236068
-84.000000 -83.000000 -82.000000 6.000000 3.550510 8.449490
-82.000000 -81.000000 -80.000000 11.000000 7.683375 14.316625
-80.000000 -79.000000 -78.000000 7.000000 4.354249 9.645751
-78.000000 -77.000000 -76.000000 6.000000 3.550510 8.449490
-76.000000 -75.000000 -74.000000 8.000000 5.171573 10.828427
-74.000000 -73.000000 -72.000000 11.000000 7.683375 14.316625
-72.000000 -71.000000 -70.000000 7.000000 4.354249 9.645751
-70.000000 -69.000000 -68.000000 7.000000 4.354249 9.645751
-68.000000 -67.000000 -66.000000 8.000000 5.171573 10.828427
-66.000000 -65.000000 -64.000000 6.000000 3.550510 8.449490
-64.000000 -63.000000 -62.000000 10.000000 6.837722 13.162278
-62.000000 -61.000000 -60.000000 11.000000 7.683375 14.316625
-60.000000 -59.000000 -58.000000 4.000000 2.000000 6.000000
-58.000000 -57.000000 -56.000000 5.000000 2.763932 7.236068
-56.000000 -55.000000 -54.000000 8.000000 5.171573 10.828427
-54.000000 -53.000000 -52.000000 13.000000 9.394449 16.605551
-52.000000 -51.000000 -50.000000 10.000000 6.837722 13.162278
-50.000000 -49.000000 -48.000000 6.000000 3.550510 8.449490
-48.000000 -47.000000 -46.000000 7.000000 4.354249 9.645751
-46.000000 -45.000000 -44.000000 6.000000 3.550510 8.449490
-44.000000 -43.000000 -42.000000 11.000000 7.683375 14.316625
-42.000000 -41.000000 -40.000000 5.000000 2.763932 7.236068
-40.000000 -39.000000 -38.000000 2.000000 0.585786 3.414214
-38.000000 -37.000000 -36.000000 11.000000 7.683375 14.316625
-36.000000 -35.000000 -34.000000 18.000000 13.757359 22.242641
-34.000000 -33.000000 -32.000000 9.000000 6.000000 12.000000
-32.000000 -31.000000 -30.000000 10.000000 6.837722 13.162278
-30.000000 -29.000000 -28.000000 5.000000 2.763932 7.236068
-28.000000 -27.000000 -26.000000 10.000000 6.837722 13.162278
-26.000000 -25.000000 -24.000000 7.000000 4.354249 9.645751
-24.000000 -23.000000 -22.000000 9.000000 6.000000 12.000000
-22.000000 -21.000000 -20.000000 6.000000 3.550510 8.449490
-20.000000 -19.000000 -18.000000 5.000000 2.763932 7.236068
-18.000000 -17.000000 -16.000000 3.000000 1.267949 4.732051
-16.000000 -15.000000 -14.000000 9.000000 6.000000 12.000000
-14.000000 -13.000000 -12.000000 8.000000 5.171573 10.828427
-12.000000 -11.000000 -10.000000 6.000000 3.550510 8.449490
-10.000000 -9.000000 -8.000000 10.000000 6.837722 13.162278
-8.000000 -7.000000 -6.000000 7.000000 4.354249 9.645751
-6.000000 -5.000000 -4.000000 26.000000 20.900980 31.099020
-4.000000 -3.000000 -2.000000 30.000000 24.522774 35.477226
-2.000000 -1.000000 0.000000 387.000000 367.327684 406.672316
0.000000 1.000000 2.000000 566.000000 542.209245 589.790755
2.000000 3.000000 4.000000 509.000000 486.438972 531.561028
4.000000 5.000000 6.000000 664.000000 638.231803 689.768197
6.000000 7.000000 8.000000 535.000000 511.869933 558.130067
8.000000 9.000000 10.000000 463.000000 441.482565 484.517435
10.000000 11.000000 12.000000 428.000000 407.311839 448.688161
12.000000 13.000000 14.000000 381.000000 361.480779 400.519221
14.000000 15.000000 16.000000 358.000000 339.079112 376.920888
16.000000 17.000000 18.000000 355.000000 336.158556 373.841444
18.000000 19.000000 20.000000 334.000000 315.724333 352.275667
20.000000 21.000000 22.000000 375.000000 355.635083 394.364917
22.000000 23.000000 24.000000 344.000000 325.452763 362.547237
24.000000 25.000000 26.000000 314.000000 296.279955 331.720045
26.000000 27.000000 28.000000 326.000000 307.944530 344.055470
28.000000 29.000000 30.000000 301.000000 283.650648 318.349352
30.000000 31.000000 32.000000 299.000000 281.708384 316.291616
32.000000 33.000000 34.000000 335.000000 316.696995 353.303005
34.000000 35.000000 36.000000 297.000000 279.766312 314.233688
36.000000 37.000000 38.000000 308.000000 290.450071 325.549929
38.000000 39.000000 40.000000 300.000000 282.679492 317.320508
40.000000 41.000000 42.000000 302.000000 284.621853 319.378147
42.000000 43.000000 44.000000 304.000000 286.564404 321.435596
44.000000 45.000000 46.000000 282.000000 265.207144 298.792856
46.000000 47.000000 48.000000 288.000000 271.029437 304.970563
48.000000 49.000000 50.000000 291.000000 273.941278 308.058722
50.000000 51.000000 52.000000 289.000000 272.000000 306.000000
52.000000 53.000000 54.000000 265.000000 248.721179 281.278821
54.000000 55.000000 56.000000 289.000000 272.000000 306.000000
56.000000 57.000000 58.000000 258.000000 241.937622 274.062378
58.000000 59.000000 60.000000 264.000000 247.751923 280.248077
60.000000 61.000000 62.000000 264.000000 247.751923 280.248077
62.000000 63.000000 64.000000 263.000000 246.782725 279.217275
64.000000 65.000000 66.000000 281.000000 264.236945 297.763055
66.000000 67.000000 68.000000 272.000000 255.507577 288.492423
68.000000 69.000000 70.000000 240.000000 224.508067 255.491933
70.000000 71.000000 72.000000 261.000000 244.844506 277.155494
72.000000 73.000000 74.000000 247.000000 231.283766 262.716234
74.000000 75.000000 76.000000 245.000000 229.347524 260.652476
76.000000 77.000000 78.000000 263.000000 246.782725 279.217275
78.000000 79.000000 80.000000 259.000000 242.906523 275.093477
80.000000 81.000000 82.000000 237.000000 221.605196 252.394804
82.000000 83.000000 84.000000 250.000000 234.188612 265.811388
84.000000 85.000000 86.000000 278.000000 261.326668 294.673332
86.000000 87.000000 88.000000 249.000000 233.220266 264.779734
88.000000 89.000000 90.000000 230.000000 214.834249 245.165751
90.000000 91.000000 92.000000 215.000000 200.337122 229.662878
92.000000 93.000000 94.000000 245.000000 229.347524 260.652476
94.000000 95.000000 96.000000 243.000000 227.411543 258.588457
96.000000 97.000000 98.000000 249.000000 233.220266 264.779734
98.000000 99.000000 100.000000 215.000000 200.337122 229.662878
100.000000 101.000000 102.000000 211.000000 196.474161 225.525839
102.000000 103.000000 104.000000 230.000000 214.834249 245.165751
104.000000 105.000000 106.000000 223.000000 208.066815 237.933185
106.000000 107.000000 108.000000 260.000000 243.875485 276.124515
108.000000 109.000000 110.000000 214.000000 199.371261 228.628739
110.000000 111.000000 112.000000 205.000000 190.682179 219.317821
112.000000 113.000000 114.000000 205.000000 190.682179 219.317821
114.000000 115.000000 116.000000 199.000000 184.893264 213.106736
116.000000 117.000000 118.000000 228.000000 212.900331 243.099669
118.000000 119.000000 120.000000 207.000000 192.612505 221.387495
120.000000 121.000000 122.000000 219.000000 204.201351 233.798649
122.000000 123.000000 124.000000 181.000000 167.546376 194.453624
124.000000 125.000000 126.000000 201.000000 186.822553 215.177447
126.000000 127.000000 128.000000 199.000000 184.893264 213.106736
128.000000 129.000000 130.000000 205.000000 190.682179 219.317821
130.000000 131.000000 132.000000 208.000000 193.577795 222.422205
132.000000 133.000000 134.000000 196.000000 182.000000 210.000000
134.000000 135.000000 136.000000 196.000000 182.000000 210.000000
136.000000 137.000000 138.000000 180.000000 166.583592 193.416408
138.000000 139.000000 140.000000 197.000000 182.964331 211.035669
140.000000 141.000000 142.000000 172.000000 158.885123 185.114877
142.000000 143.000000 144.000000 187.000000 173.325206 200.674794
144.000000 145.000000 146.000000 168.000000 155.038519 180.961481
146.000000 147.000000 148.000000 159.000000 146.390480 171.609520
148.000000 149.000000 150.000000 178.000000 164.658336 191.341664
150.000000 151.000000 152.000000 188.000000 174.288691 201.711309
152.000000 153.000000 154.000000 196.000000 182.000000 210.000000
154.000000 155.000000 156.000000 177.000000 163.695865 190.304135
156.000000 157.000000 158.000000 182.000000 168.509262 195.490738
158.000000 159.000000 160.000000 192.000000 178.143594 205.856406
160.000000 161.000000 162.000000 184.000000 170.435340 197.564660
162.000000 163.000000 164.000000 177.000000 163.695865 190.304135
164.000000 165.000000 166.000000 172.000000 158.885123 185.114877
166.000000 167.000000 168.000000 154.000000 141.590326 166.409674
168.000000 169.000000 170.000000 173.000000 159.847054 186.152946
170.000000 171.000000 172.000000 154.000000 141.590326 166.409674
172.000000 173.000000 174.000000 171.000000 157.923303 184.076697
174.000000 175.000000 176.000000 188.000000 174.288691 201.711309
176.000000 177.000000 178.000000 179.000000 165.620912 192.379088
178.000000 179.000000 180.000000 171.000000 157.923303 184.076697
180.000000 181.000000 182.000000 170.000000 156.961595 183.038405
182.000000 183.000000 184.000000 172.000000 158.885123 185.114877
184.000000 185.000000 186.000000 141.000000 129.125658 152.874342
186.000000 187.000000 188.000000 150.000000 137.752551 162.247449
188.000000 189.000000 190.000000 173.000000 159.847054 186.152946
190.000000 191.000000 192.000000 152.000000 139.671172 164.328828
192.000000 193.000000 194.000000 135.000000 123.381050 146.618950
194.000000 195.000000 196.000000 161.000000 148.311422 173.688578
196.000000 197.000000 198.000000 164.000000 151.193752 176.806248
198.000000 199.000000 200.000000 150.000000 137.752551 162.247449
200.000000 201.000000 202.000000 156.000000 143.510004 168.489996
202.000000 203.000000 204.000000 165.000000 152.154767 177.845233
204.000000 205.000000 206.000000 160.000000 147.350889 172.649111
206.000000 207.000000 208.000000 160.000000 147.350889 172.649111
208.000000 209.000000 210.000000 144.000000 132.000000 156.000000
210.000000 211.000000 212.000000 139.000000 127.210174 150.789826
212.000000 213.000000 214.000000 150.000000 137.752551 162.247449
214.000000 215.000000 216.000000 133.000000 121.467437 144.532563
216.000000 217.000000 218.000000 163.000000 150.232855 175.767145
218.000000 219.000000 220.000000 145.000000 132.958405 157.041595
220.000000 221.000000 222.000000 140.000000 128.167840 151.832160
222.000000 223.000000 224.000000 134.000000 122.424163 145.575837
224.000000 225.000000 226.000000 182.000000 168.509262 195.490738
226.000000 227.000000 228.000000 146.000000 133.916954 158.083046
228.000000 229.000000 230.000000 168.000000 155.038519 180.961481
230.000000 231.000000 232.000000 155.000000 142.550100 167.449900
232.000000 233.000000 234.000000 141.000000 129.125658 152.874342
234.000000 235.000000 236.000000 171.000000 157.923303 184.076697
236.000000 237.000000 238.000000 143.000000 131.041739 154.958261
238.000000 239.000000 240.000000 145.000000 132.958405 157.041595
240.000000 241.000000 242.000000 132.000000 120.510875 143.489125
242.000000 243.000000 244.000000 123.000000 111.909463 134.090537
244.000000 245.000000 246.000000 163.000000 150.232855 175.767145
246.000000 247.000000 248.000000 124.000000 112.864471 135.135529
248.000000 249.000000 250.000000 130.000000 118.598246 141.401754
250.000000 251.000000 252.000000 129.000000 117.642183 140.357817
252.000000 253.000000 254.000000 121.000000 110.000000 132.000000
254.000000 255.000000 256.000000 122.000000 110.954639 133.045361
256.000000 257.000000 258.000000 133.000000 121.467437 144.532563
258.000000 259.000000 260.000000 131.000000 119.554477 142.445523
260.000000 261.000000 262.000000 116.000000 105.229670 126.770330
262.000000 263.000000 264.000000 126.000000 114.775028 137.224972
264.000000 265.000000 266.000000 124.000000 112.864471 135.135529
266.000000 267.000000 268.000000 136.000000 124.338096 147.661904
268.000000 269.000000 270.000000 117.000000 106.183346 127.816654
270.000000 271.000000 272.000000 102.000000 91.900495 112.099505
272.000000 273.000000 274.000000 134.000000 122.424163 145.575837
274.000000 275.000000 276.000000 119.000000 108.091288 129.908712
276.000000 277.000000 278.000000 105.000000 94.753049 115.246951
278.000000 279.000000 280.000000 124.000000 112.864471 135.135529
280.000000 281.000000 282.000000 131.000000 119.554477 142.445523
282.000000 283.000000 284.000000 123.000000 111.909463 134.090537
284.000000 285.000000 286.000000 102.000000 91.900495 112.099505
286.000000 287.000000 288.000000 105.000000 94.753049 115.246951
288.000000 289.000000 290.000000 114.000000 103.322922 124.677078
290.000000 291.000000 292.000000 99.000000 89.050126 108.949874
292.000000 293.000000 294.000000 124.000000 112.864471 135.135529
294.000000 295.000000 296.000000 106.000000 95.704370 116.295630
296.000000 297.000000 298.000000 109.000000 98.559693 119.440307
298.000000 299.000000 300.000000 104.000000 93.801961 114.198039
300.000000 301.000000 302.000000 120.000000 109.045549 130.954451
302.000000 303.000000 304.000000 123.000000 111.909463 134.090537
304.000000 305.000000 306.000000 108.000000 97.607695 118.392305
306.000000 307.000000 308.000000 119.000000 108.091288 129.908712
308.000000 309.000000 310.000000 114.000000 103.322922 124.677078
310.000000 311.000000 312.000000 115.000000 104.276195 125.723805
312.000000 313.000000 314.000000 99.000000 89.050126 108.949874
314.000000 315.000000 316.000000 129.000000 117.642183 140.357817
316.000000 317.000000 318.000000 110.000000 99.511912 120.488088
318.000000 319.000000 320.000000 94.000000 84.304640 103.695360
320.000000 321.000000 322.000000 102.000000 91.900495 112.099505
322.000000 323.000000 324.000000 101.000000 90.950124 111.049876
324.000000 325.000000 326.000000 106.000000 95.704370 116.295630
326.000000 327.000000 328.000000 95.000000 85.253206 104.746794
328.000000 329.000000 330.000000 106.000000 95.704370 116.295630
330.000000 331.000000 332.000000 101.000000 90.950124 111.049876
332.000000 333.000000 334.000000 97.000000 87.151142 106.848858
334.000000 335.000000 336.000000 95.000000 85.253206 104.746794
336.000000 337.000000 338.000000 84.000000 74.834849 93.165151
338.000000 339.000000 340.000000 82.000000 72.944615 91.055385
340.000000 341.000000 342.000000 104.000000 93.801961 114.198039
342.000000 343.000000 344.000000 59.000000 51.318854 66.681146
344.000000 345.000000 346.000000 112.000000 101.416995 122.583005
346.000000 347.000000 348.000000 101.000000 90.950124 111.049876
348.000000 349.000000 350.000000 108.000000 97.607695 118.392305
350.000000 351.000000 352.000000 99.000000 89.050126 108.949874
352.000000 353.000000 354.000000 98.000000 88.100505 107.899495
354.000000 355.000000 356.000000 104.000000 93.801961 114.198039
356.000000 357.000000 358.000000 75.000000 66.339746 83.660254
358.000000 359.000000 360.000000 92.000000 82.408337 101.591663
360.000000 361.000000 362.000000 79.000000 70.111806 87.888194
362.000000 363.000000 364.000000 94.000000 84.304640 103.695360
364.000000 365.000000 366.000000 92.000000 82.408337 101.591663
366.000000 367.000000 368.000000 97.000000 87.151142 106.848858
368.000000 369.000000 370.000000 80.000000 71.055728 88.944272
370.000000 371.000000 372.000000 82.000000 72.944615 91.055385
372.000000 373.000000 374.000000 89.000000 79.566019 98.433981
374.000000 375.000000 376.000000 86.000000 76.726382 95.273618
376.000000 377.000000 378.000000 85.000000 75.780456 94.219544
378.000000 379.000000 380.000000 85.000000 75.780456 94.219544
380.000000 381.000000 382.000000 79.000000 70.111806 87.888194
382.000000 383.000000 384.000000 78.000000 69.168239 86.831761
384.000000 385.000000 386.000000 101.000000 90.950124 111.049876
386.000000 387.000000 388.000000 87.000000 77.672621 96.327379
388.000000 389.000000 390.000000 100.000000 90.000000 110.000000
390.000000 391.000000 392.000000 94.000000 84.304640 103.695360
392.000000 393.000000 394.000000 79.000000 70.111806 87.888194
394.000000 395.000000 396.000000 88.000000 78.619168 97.380832
396.000000 397.000000 398.000000 90.000000 80.513167 99.486833
398.000000 399.000000 400.000000 80.000000 71.055728 88.944272
400.000000 401.000000 402.000000 71.000000 62.573850 79.426150
402.000000 403.000000 404.000000 68.000000 59.753789 76.246211
404.000000 405.000000 406.000000 84.000000 74.834849 93.165151
406.000000 407.000000 408.000000 82.000000 72.944615 91.055385
408.000000 409.000000 410.000000 80.000000 71.055728 88.944272
410.000000 411.000000 412.000000 89.000000 79.566019 98.433981
412.000000 413.000000 414.000000 70.000000 61.633400 78.366600
414.000000 415.000000 416.000000 68.000000 59.753789 76.246211
416.000000 417.000000 418.000000 67.000000 58.814647 75.185353
418.000000 419.000000 420.000000 75.000000 66.339746 83.660254
420.000000 421.000000 422.000000 68.000000 59.753789 76.246211
422.000000 423.000000 424.000000 77.000000 68.225036 85.774964
424.000000 425.000000 426.000000 61.000000 53.189750 68.810250
426.000000 427.000000 428.000000 85.000000 75.780456 94.219544
428.000000 429.000000 430.000000 68.000000 59.753789 76.246211
430.000000 431.000000 432.000000 71.000000 62.573850 79.426150
432.000000 433.000000 434.000000 79.000000 70.111806 87.888194
434.000000 435.000000 436.000000 87.000000 77.672621 96.327379
436.000000 437.000000 438.000000 62.000000 54.125992 69.874008
438.000000 439.000000 440.000000 58.000000 50.384227 65.615773
440.000000 441.000000 442.000000 74.000000 65.397675 82.602325
442.000000 443.000000 444.000000 67.000000 58.814647 75.185353
444.000000 445.000000 446.000000 67.000000 58.814647 75.185353
446.000000 447.000000 448.000000 55.000000 47.583802 62.416198
448.000000 449.000000 450.000000 63.000000 55.062746 70.937254
450.000000 451.000000 452.000000 82.000000 72.944615 91.055385
452.000000 453.000000 454.000000 64.000000 56.000000 72.000000
454.000000 455.000000 456.000000 58.000000 50.384227 65.615773
456.000000 457.000000 458.000000 59.000000 51.318854 66.681146
458.000000 459.000000 460.000000 63.000000 55.062746 70.937254
460.000000 461.000000 462.000000 48.000000 41.071797 54.928203
462.000000 463.000000 464.000000 77.000000 68.225036 85.774964
464.000000 465.000000 466.000000 71.000000 62.573850 79.426150
466.000000 467.000000 468.000000 53.000000 45.719890 60.280110
468.000000 469.000000 470.000000 64.000000 56.000000 72.000000
470.000000 471.000000 472.000000 56.000000 48.516685 63.483315
472.000000 473.000000 474.000000 53.000000 45.719890 60.280110
474.000000 475.000000 476.000000 53.000000 45.719890 60.280110
476.000000 477.000000 478.000000 53.000000 45.719890 60.280110
478.000000 479.000000 480.000000 68.000000 59.753789 76.246211
480.000000 481.000000 482.000000 49.000000 42.000000 56.000000
482.000000 483.000000 484.000000 61.000000 53.189750 68.810250
484.000000 485.000000 486.000000 59.000000 51.318854 66.681146
486.000000 487.000000 488.000000 64.000000 56.000000 72.000000
488.000000 489.000000 490.000000 72.000000 63.514719 80.485281
490.000000 491.000000 492.000000 65.000000 56.937742 73.062258
492.000000 493.000000 494.000000 47.000000 40.144345 53.855655
494.000000 495.000000 496.000000 61.000000 53.189750 68.810250
496.000000 497.000000 498.000000 60.000000 52.254033 67.745967
498.000000 499.000000 500.000000 60.000000 52.254033 67.745967
500.000000 501.000000 502.000000 64.000000 56.000000 72.000000
502.000000 503.000000 504.000000 55.000000 47.583802 62.416198
504.000000 505.000000 506.000000 53.000000 45.719890 60.280110
506.000000 507.000000 508.000000 50.000000 42.928932 57.071068
508.000000 509.000000 510.000000 65.000000 56.937742 73.062258
510.000000 511.000000 512.000000 58.000000 50.384227 65.615773
512.000000 513.000000 514.000000 61.000000 53.189750 68.810250
514.000000 515.000000 516.000000 45.000000 38.291796 51.708204
516.000000 517.000000 518.000000 60.000000 52.254033 67.745967
518.000000 519.000000 520.000000 52.000000 44.788897 59.211103
520.000000 521.000000 522.000000 51.000000 43.858572 58.141428
522.000000 523.000000 524.000000 54.000000 46.651531 61.348469
524.000000 525.000000 526.000000 71.000000 62.573850 79.426150
526.000000 527.000000 528.000000 48.000000 41.071797 54.928203
528.000000 529.000000 530.000000 54.000000 46.651531 61.348469
530.000000 531.000000 532.000000 52.000000 44.788897 59.211103
532.000000 533.000000 534.000000 54.000000 46.651531 61.348469
534.000000 535.000000 536.000000 53.000000 45.719890 60.280110
536.000000 537.000000 538.000000 57.000000 49.450166 64.549834
538.000000 539.000000 540.000000 52.000000 44.788897 59.211103
540.000000 541.000000 542.000000 51.000000 43.858572 58.141428
542.000000 543.000000 544.000000 58.000000 50.384227 65.615773
544.000000 545.000000 546.000000 39.000000 32.755002 45.244998
546.000000 547.000000 548.000000 48.000000 41.071797 54.928203
548.000000 549.000000 550.000000 47.000000 40.144345 53.855655
550.000000 551.000000 552.000000 42.000000 35.519259 48.480741
552.000000 553.000000 554.000000 49.000000 42.000000 56.000000
554.000000 555.000000 556.000000 47.000000 40.144345 53.855655
556.000000 557.000000 558.000000 51.000000 43.858572 58.141428
558.000000 559.000000 560.000000 54.000000 46.651531 61.348469
560.000000 561.000000 562.000000 38.000000 31.835586 44.164414
562.000000 563.000000 564.000000 50.000000 42.928932 57.071068
564.000000 565.000000 566.000000 46.000000 39.217670 52.782330
566.000000 567.000000 568.000000 41.000000 34.596876 47.403124
568.000000 569.000000 570.000000 33.000000 27.255437 38.744563
570.000000 571.000000 572.000000 49.000000 42.000000 56.000000
572.000000 573.000000 574.000000 38.000000 31.835586 44.164414
574.000000 575.000000 576.000000 51.000000 43.858572 58.141428
576.000000 577.000000 578.000000 47.000000 40.144345 53.855655
578.000000 579.000000 580.000000 54.000000 46.651531 61.348469
580.000000 581.000000 582.000000 49.000000 42.000000 56.000000
582.000000 583.000000 584.000000 34.000000 28.169048 39.830952
584.000000 585.000000 586.000000 51.000000 43.858572 58.141428
586.000000 587.000000 588.000000 37.000000 30.917237 43.082763
588.000000 589.000000 590.000000 41.000000 34.596876 47.403124
590.000000 591.000000 592.000000 36.000000 30.000000 42.000000
592.000000 593.000000 594.000000 41.000000 34.596876 47.403124
594.000000 595.000000 596.000000 39.000000 32.755002 45.244998
596.000000 597.000000 598.000000 42.000000 35.519259 48.480741
598.000000 599.000000 600.000000 42.000000 35.519259 48.480741
600.000000 601.000000 602.000000 48.000000 41.071797 54.928203
602.000000 603.000000 604.000000 40.000000 33.675445 46.324555
604.000000 605.000000 606.000000 43.000000 36.442561 49.557439
606.000000 607.000000 608.000000 35.000000 29.083920 40.916080
608.000000 609.000000 610.000000 35.000000 29.083920 40.916080
610.000000 611.000000 612.000000 39.000000 32.755002 45.244998
612.000000 613.000000 614.000000 39.000000 32.755002 45.244998
614.000000 615.000000 616.000000 27.000000 21.803848 32.196152
616.000000 617.000000 618.000000 52.000000 44.788897 59.211103
618.000000 619.000000 620.000000 31.000000 25.432236 36.567764
620.000000 621.000000 622.000000 47.000000 40.144345 53.855655
622.000000 623.000000 624.000000 35.000000 29.083920 40.916080
624.000000 625.000000 626.000000 35.000000 29.083920 40.916080
626.000000 627.000000 628.000000 38.000000 31.835586 44.164414
628.000000 629.000000 630.000000 47.000000 40.144345 53.855655
630.000000 631.000000 632.000000 30.000000 24.522774 35.477226
632.000000 633.000000 634.000000 41.000000 34.596876 47.403124
634.000000 635.000000 636.000000 29.000000 23.614835 34.385165
636.000000 637.000000 638.000000 30.000000 24.522774 35.477226
638.000000 639.000000 640.000000 39.000000 32.755002 45.244998
640.000000 641.000000 642.000000 35.000000 29.083920 40.916080
642.000000 643.000000 644.000000 40.000000 33.675445 46.324555
644.000000 645.000000 646.000000 35.000000 29.083920 40.916080
646.000000 647.000000 648.000000 35.000000 29.083920 40.916080
648.000000 649.000000 650.000000 39.000000 32.755002 45.244998
650.000000 651.000000 652.000000 39.000000 32.755002 45.244998
652.000000 653.000000 654.000000 43.000000 36.442561 49.557439
654.000000 655.000000 656.000000 44.000000 37.366750 50.633250
656.000000 657.000000 658.000000 44.000000 37.366750 50.633250
658.000000 659.000000 660.000000 38.000000 31.835586 44.164414
660.000000 661.000000 662.000000 34.000000 28.169048 39.830952
662.000000 663.000000 664.000000 37.000000 30.917237 43.082763
664.000000 665.000000 666.000000 35.000000 29.083920 40.916080
666.000000 667.000000 668.000000 34.000000 28.169048 39.830952
668.000000 669.000000 670.000000 38.000000 31.835586 44.164414
670.000000 671.000000 672.000000 46.000000 39.217670 52.782330
672.000000 673.000000 674.000000 39.000000 32.755002 45.244998
674.000000 675.000000 676.000000 40.000000 33.675445 46.324555
676.000000 677.000000 678.000000 30.000000 24.522774 35.477226
678.000000 679.000000 680.000000 24.000000 19.101021 28.898979
680.000000 681.000000 682.000000 36.000000 30.000000 42.000000
682.000000 683.000000 684.000000 34.000000 28.169048 39.830952
684.000000 685.000000 686.000000 36.000000 30.000000 42.000000
686.000000 687.000000 688.000000 31.000000 25.432236 36.567764
688.000000 689.000000 690.000000 39.000000 32.755002 45.244998
690.000000 691.000000 692.000000 32.000000 26.343146 37.656854
692.000000 693.000000 694.000000 43.000000 36.442561 49.557439
694.000000 695.000000 696.000000 31.000000 25.432236 36.567764
696.000000 697.000000 698.000000 29.000000 23.614835 34.385165
698.000000 699.000000 700.000000 21.000000 16.417424 25.582576
700.000000 701.000000 702.000000 32.000000 26.343146 37.656854
702.000000 703.000000 704.000000 31.000000 25.432236 36.567764
704.000000 705.000000 706.000000 33.000000 27.255437 38.744563
706.000000 707.000000 708.000000 25.000000 20.000000 30.000000
708.000000 709.000000 710.000000 33.000000 27.255437 38.744563
710.000000 711.000000 712.000000 42.000000 35.519259 48.480741
712.000000 713.000000 714.000000 32.000000 26.343146 37.656854
714.000000 715.000000 716.000000 37.000000 30.917237 43.082763
716.000000 717.000000 718.000000 38.000000 31.835586 44.164414
718.000000 719.000000 720.000000 31.000000 25.432236 36.567764
720.000000 721.000000 722.000000 27.000000 21.803848 32.196152
722.000000 723.000000 724.000000 35.000000 29.083920 40.916080
724.000000 725.000000 726.000000 34.000000 28.169048 39.830952
726.000000 727.000000 728.000000 32.000000 26.343146 37.656854
728.000000 729.000000 730.000000 27.000000 21.803848 32.196152
730.000000 731.000000 732.000000 29.000000 23.614835 34.385165
732.000000 733.000000 734.000000 35.000000 29.083920 40.916080
734.000000 735.000000 736.000000 34.000000 28.169048 39.830952
736.000000 737.000000 738.000000 27.000000 21.803848 32.196152
738.000000 739.000000 740.000000 45.000000 38.291796 51.708204
740.000000 741.000000 742.000000 26.000000 20.900980 31.099020
742.000000 743.000000 744.000000 34.000000 28.169048 39.830952
744.000000 745.000000 746.000000 35.000000 29.083920 40.916080
746.000000 747.000000 748.000000 32.000000 26.343146 37.656854
748.000000 749.000000 750.000000 25.000000 20.000000 30.000000
750.000000 751.000000 752.000000 24.000000 19.101021 28.898979
752.000000 753.000000 754.000000 25.000000 20.000000 30.000000
754.000000 755.000000 756.000000 34.000000 28.169048 39.830952
756.000000 757.000000 758.000000 33.000000 27.255437 38.744563
758.000000 759.000000 760.000000 28.000000 22.708497 33.291503
760.000000 761.000000 762.000000 33.000000 27.255437 38.744563
762.000000 763.000000 764.000000 27.000000 21.803848 32.196152
764.000000 765.000000 766.000000 37.000000 30.917237 43.082763
766.000000 767.000000 768.000000 25.000000 20.000000 30.000000
768.000000 769.000000 770.000000 40.000000 33.675445 46.324555
770.000000 771.000000 772.000000 24.000000 19.101021 28.898979
772.000000 773.000000 774.000000 29.000000 23.614835 34.385165
774.000000 775.000000 776.000000 22.000000 17.309584 26.690416
776.000000 777.000000 778.000000 28.000000 22.708497 33.291503
778.000000 779.000000 780.000000 22.000000 17.309584 26.690416
780.000000 781.000000 782.000000 37.000000 30.917237 43.082763
782.000000 783.000000 784.000000 22.000000 17.309584 26.690416
784.000000 785.000000 786.000000 20.000000 15.527864 24.472136
786.000000 787.000000 788.000000 22.000000 17.309584 26.690416
788.000000 789.000000 790.000000 30.000000 24.522774 35.477226
790.000000 791.000000 792.000000 27.000000 21.803848 32.196152
792.000000 793.000000 794.000000 27.000000 21.803848 32.196152
794.000000 795.000000 796.000000 18.000000 13.757359 22.242641
796.000000 797.000000 798.000000 22.000000 17.309584 26.690416
798.000000 799.000000 800.000000 32.000000 26.343146 37.656854
800.000000 801.000000 802.000000 21.000000 16.417424 25.582576
802.000000 803.000000 804.000000 24.000000 19.101021 28.898979
804.000000 805.000000 806.000000 20.000000 15.527864 24.472136
806.000000 807.000000 808.000000 34.000000 28.169048 39.830952
808.000000 809.000000 810.000000 26.000000 20.900980 31.099020
810.000000 811.000000 812.000000 27.000000 21.803848 32.196152
812.000000 813.000000 814.000000 24.000000 19.101021 28.898979
814.000000 815.000000 816.000000 27.000000 21.803848 32.196152
816.000000 817.000000 818.000000 28.000000 22.708497 33.291503
818.000000 819.000000 820.000000 29.000000 23.614835 34.385165
820.000000 821.000000 822.000000 21.000000 16.417424 25.582576
822.000000 823.000000 824.000000 28.000000 22.708497 33.291503
824.000000 825.000000 826.000000 29.000000 23.614835 34.385165
826.000000 827.000000 828.000000 14.000000 10.258343 17.741657
828.000000 829.000000 830.000000 23.000000 18.204168 27.795832
830.000000 831.000000 832.000000 22.000000 17.309584 26.690416
832.000000 833.000000 834.000000 18.000000 13.757359 22.242641
834.000000 835.000000 836.000000 21.000000 16.417424 25.582576
836.000000 837.000000 838.000000 36.000000 30.000000 42.000000
838.000000 839.000000 840.000000 27.000000 21.803848 32.196152
840.000000 841.000000 842.000000 18.000000 13.757359 22.242641
842.000000 843.000000 844.000000 25.000000 20.000000 30.000000
844.000000 845.000000 846.000000 23.000000 18.204168 27.795832
846.000000 847.000000 848.000000 23.000000 18.204168 27.795832
848.000000 849.000000 850.000000 21.000000 16.417424 25.582576
850.000000 851.000000 852.000000 25.000000 20.000000 30.000000
852.000000 853.000000 854.000000 30.000000 24.522774 35.477226
854.000000 855.000000 856.000000 21.000000 16.417424 25.582576
856.000000 857.000000 858.000000 21.000000 16.417424 25.582576
858.000000 859.000000 860.000000 30.000000 24.522774 35.477226
860.000000 861.000000 862.000000 27.000000 21.803848 32.196152
862.000000 863.000000 864.000000 29.000000 23.614835 34.385165
864.000000 865.000000 866.000000 26.000000 20.900980 31.099020
866.000000 867.000000 868.000000 19.000000 14.641101 23.358899
868.000000 869.000000 870.000000 24.000000 19.101021 28.898979
870.000000 871.000000 872.000000 12.000000 8.535898 15.464102
872.000000 873.000000 874.000000 20.000000 15.527864 24.472136
874.000000 875.000000 876.000000 22.000000 17.309584 26.690416
876.000000 877.000000 878.000000 25.000000 20.000000 30.000000
878.000000 879.000000 880.000000 29.000000 23.614835 34.385165
880.000000 881.000000 882.000000 7.000000 4.354249 9.645751
882.000000 883.000000 884.000000 18.000000 13.757359 22.242641
884.000000 885.000000 886.000000 18.000000 13.757359 22.242641
886.000000 887.000000 888.000000 26.000000 20.900980 31.099020
888.000000 889.000000 890.000000 30.000000 24.522774 35.477226
890.000000 891.000000 892.000000 21.000000 16.417424 25.582576
892.000000 893.000000 894.000000 13.000000 9.394449 16.605551
894.000000 895.000000 896.000000 16.000000 12.000000 20.000000
896.000000 897.000000 898.000000 18.000000 13.757359 22.242641
898.000000 899.000000 900.000000 22.000000 17.309584 26.690416
900.000000 901.000000 902.000000 22.000000 17.309584 26.690416
902.000000 903.000000 904.000000 29.000000 23.614835 34.385165
904.000000 905.000000 906.000000 15.000000 11.127017 18.872983
906.000000 907.000000 908.000000 22.000000 17.309584 26.690416
908.000000 909.000000 910.000000 25.000000 20.000000 30.000000
910.000000 911.000000 912.000000 18.000000 13.757359 22.242641
912.000000 913.000000 914.000000 10.000000 6.837722 13.162278
914.000000 915.000000 916.000000 15.000000 11.127017 18.872983
916.000000 917.000000 918.000000 17.000000 12.876894 21.123106
918.000000 919.000000 920.000000 22.000000 17.309584 26.690416
920.000000 921.000000 922.000000 16.000000 12.000000 20.000000
922.000000 923.000000 924.000000 20.000000 15.527864 24.472136
924.000000 925.000000 926.000000 25.000000 20.000000 30.000000
926.000000 927.000000 928.000000 20.000000 15.527864 24.472136
928.000000 929.000000 930.000000 25.000000 20.000000 30.000000
930.000000 931.000000 932.000000 19.000000 14.641101 23.358899
932.000000 933.000000 934.000000 16.000000 12.000000 20.000000
934.000000 935.000000 936.000000 10.000000 6.837722 13.162278
936.000000 937.000000 938.000000 15.000000 11.127017 18.872983
938.000000 939.000000 940.000000 17.000000 12.876894 21.123106
940.000000 941.000000 942.000000 15.000000 11.127017 18.872983
942.000000 943.000000 944.000000 21.000000 16.417424 25.582576
944.000000 945.000000 946.000000 18.000000 13.757359 22.242641
946.000000 947.000000 948.000000 24.000000 19.101021 28.898979
948.000000 949.000000 950.000000 20.000000 15.527864 24.472136
950.000000 951.000000 952.000000 16.000000 12.000000 20.000000
952.000000 953.000000 954.000000 21.000000 16.417424 25.582576
954.000000 955.000000 956.000000 13.000000 9.394449 16.605551
956.000000 957.000000 958.000000 23.000000 18.204168 27.795832
958.000000 959.000000 960.000000 17.000000 12.876894 21.123106
960.000000 961.000000 962.000000 20.000000 15.527864 24.472136
962.000000 963.000000 964.000000 16.000000 12.000000 20.000000
964.000000 965.000000 966.000000 10.000000 6.837722 13.162278
966.000000 967.000000 968.000000 22.000000 17.309584 26.690416
968.000000 969.000000 970.000000 21.000000 16.417424 25.582576
970.000000 971.000000 972.000000 20.000000 15.527864 24.472136
972.000000 973.000000 974.000000 15.000000 11.127017 18.872983
974.000000 975.000000 976.000000 26.000000 20.900980 31.099020
976.000000 977.000000 978.000000 30.000000 24.522774 35.477226
978.000000 979.000000 980.000000 12.000000 8.535898 15.464102
980.000000 981.000000 982.000000 26.000000 20.900980 31.099020
982.000000 983.000000 984.000000 22.000000 17.309584 26.690416
984.000000 985.000000 986.000000 16.000000 12.000000 20.000000
986.000000 987.000000 988.000000 19.000000 14.641101 23.358899
988.000000 989.000000 990.000000 17.000000 12.876894 21.123106
990.000000 991.000000 992.000000 17.000000 12.876894 21.123106
992.000000 993.000000 994.000000 23.000000 18.204168 27.795832
994.000000 995.000000 996.000000 13.000000 9.394449 16.605551
996.000000 997.000000 998.000000 8.000000 5.171573 10.828427
