-1000.000000 -999.000000 -998.000000 0.000000 0.000000 0.000000
-998.000000 -997.000000 -996.000000 4.000000 2.000000 6.000000
-996.000000 -995.000000 -994.000000 8.000000 5.171573 10.828427
-994.000000 -993.000000 -992.000000 6.000000 3.550510 8.449490
-992.000000 -991.000000 -990.000000 8.000000 5.171573 10.828427
-990.000000 -989.000000 -988.000000 12.000000 8.535898 15.464102
-988.000000 -987.000000 -986.000000 5.000000 2.763932 7.236068
-986.000000 -985.000000 -984.000000 9.000000 6.000000 12.000000
-984.000000 -983.000000 -982.000000 6.000000 3.550510 8.449490
-982.000000 -981.000000 -980.000000 5.000000 2.763932 7.236068
-980.000000 -979.000000 -978.000000 11.000000 7.683375 14.316625
-978.000000 -977.000000 -976.000000 6.000000 3.550510 8.449490
-976.000000 -975.000000 -974.000000 12.000000 8.535898 15.464102
-974.000000 -973.000000 -972.000000 5.000000 2.763932 7.236068
-972.000000 -971.000000 -970.000000 16.000000 12.000000 20.000000
-970.000000 -969.000000 -968.000000 8.000000 5.171573 10.828427
-968.000000 -967.000000 -966.000000 10.000000 6.837722 13.162278
-966.000000 -965.000000 -964.000000 10.000000 6.837722 13.162278
-964.000000 -963.000000 -962.000000 15.000000 11.127017 18.872983
-962.000000 -961.000000 -960.000000 6.000000 3.550510 8.449490
-960.000000 -959.000000 -958.000000 11.000000 7.683375 14.316625
-958.000000 -957.000000 -956.000000 8.000000 5.171573 10.828427
-956.000000 -955.000000 -954.000000 6.000000 3.550510 8.449490
-954.000000 -953.000000 -952.000000 16.000000 12.000000 20.000000
-952.000000 -951.000000 -950.000000 5.000000 2.763932 7.236068
-950.000000 -949.000000 -948.000000 9.000000 6.000000 12.000000
-948.000000 -947.000000 -946.000000 6.000000 3.550510 8.449490
-946.000000 -945.000000 -944.000000 8.000000 5.171573 10.828427
-944.000000 -943.000000 -942.000000 9.000000 6.000000 12.000000
-942.000000 -941.000000 -940.000000 5.000000 2.763932 7.236068
-940.000000 -939.000000 -938.000000 3.000000 1.267949 4.732051
-938.000000 -937.000000 -936.000000 5.000000 2.763932 7.236068
-936.000000 -935.000000 -934.000000 6.000000 3.550510 8.449490
-934.000000 -933.000000 -932.000000 10.000000 6.837722 13.162278
-932.000000 -931.000000 -930.000000 15.000000 11.127017 18.872983
-930.000000 -929.000000 -928.000000 5.000000 2.763932 7.236068
-928.000000 -927.000000 -926.000000 10.000000 6.837722 13.162278
-926.000000 -925.000000 -924.000000 13.000000 9.394449 16.605551
-924.000000 -923.000000 -922.000000 9.000000 6.000000 12.000000
-922.000000 -921.000000 -920.000000 10.000000 6.837722 13.162278
-920.000000 -919.000000 -918.000000 4.000000 2.000000 6.000000
-918.000000 -917.000000 -916.000000 10.000000 6.837722 13.162278
-916.000000 -915.000000 -914.000000 8.000000 5.171573 10.828427
-914.000000 -913.000000 -912.000000 11.000000 7.683375 14.316625
-912.000000 -911.000000 -910.000000 15.000000 11.127017 18.872983
-910.000000 -909.000000 -908.000000 13.000000 9.394449 16.605551
-908.000000 -907.000000 -906.000000 13.000000 9.394449 16.605551
-906.000000 -905.000000 -904.000000 7.000000 4.354249 9.645751
-904.000000 -903.000000 -902.000000 9.000000 6.000000 12.000000
-902.000000 -901.000000 -900.000000 9.000000 6.000000 12.000000
-900.000000 -899.000000 -898.000000 9.000000 6.000000 12.000000
-898.000000 -897.000000 -896.000000 4.000000 2.000000 6.000000
-896.000000 -895.000000 -894.000000 8.000000 5.171573 10.828427
-894.000000 -893.000000 -892.000000 6.000000 3.550510 8.449490
-892.000000 -891.000000 -890.000000 6.000000 3.550510 8.449490
-890.000000 -889.000000 -888.000000 4.000000 2.000000 6.000000
-888.000000 -887.000000 -886.000000 8.000000 5.171573 10.828427
-886.000000 -885.000000 -884.000000 13.000000 9.394449 16.605551
-884.000000 -883.000000 -882.000000 12.000000 8.535898 15.464102
-882.000000 -881.000000 -880.000000 8.000000 5.171573 10.828427
-880.000000 -879.000000 -878.000000 11.000000 7.683375 14.316625
-878.000000 -877.000000 -876.000000 7.000000 4.354249 9.645751
-876.000000 -875.000000 -874.000000 7.000000 4.354249 9.645751
-874.000000 -873.000000 -872.000000 9.000000 6.000000 12.000000
-872.000000 -871.000000 -870.000000 9.000000 6.000000 12.000000
-870.000000 -869.000000 -868.000000 4.000000 2.000000 6.000000
-868.000000 -867.000000 -866.000000 10.000000 6.837722 13.162278
-866.000000 -865.000000 -864.000000 10.000000 6.837722 13.162278
-864.000000 -863.000000 -862.000000 10.000000 6.837722 13.162278
-862.000000 -861.000000 -860.000000 4.000000 2.000000 6.000000
-860.000000 -859.000000 -858.000000 12.000000 8.535898 15.464102
-858.000000 -857.000000 -856.000000 7.000000 4.354249 9.645751
-856.000000 -855.000000 -854.000000 6.000000 3.550510 8.449490
-854.000000 -853.000000 -852.000000 11.000000 7.683375 14.316625
-852.000000 -851.000000 -850.000000 4.000000 2.000000 6.000000
-850.000000 -849.000000 -848.000000 12.000000 8.535898 15.464102
-848.000000 -847.000000 -846.000000 10.000000 6.837722 13.162278
-846.000000 -845.000000 -844.000000 7.000000 4.354249 9.645751
-844.000000 -843.000000 -842.000000 11.000000 7.683375 14.316625
-842.000000 -841.000000 -840.000000 10.000000 6.837722 13.162278
-840.000000 -839.000000 -838.000000 9.000000 6.000000 12.000000
-838.000000 -837.000000 -836.000000 11.000000 7.683375 14.316625
-836.000000 -835.000000 -834.000000 4.000000 2.000000 6.000000
-834.000000 -833.000000 -832.000000 5.000000 2.763932 7.236068
-832.000000 -831.000000 -830.000000 7.000000 4.354249 9.645751
-830.000000 -829.000000 -828.000000 7.000000 4.354249 9.645751
-828.000000 -827.000000 -826.000000 8.000000 5.171573 10.828427
-826.000000 -825.000000 -824.000000 8.000000 5.171573 10.828427
-824.000000 -823.000000 -822.000000 12.000000 8.535898 15.464102
-822.000000 -821.000000 -820.000000 9.000000 6.000000 12.000000
-820.000000 -819.000000 -818.000000 12.000000 8.535898 15.464102
-818.000000 -817.000000 -816.000000 7.000000 4.354249 9.645751
-816.000000 -815.000000 -814.000000 15.000000 11.127017 18.872983
-814.000000 -813.000000 -812.000000 6.000000 3.550510 8.449490
-812.000000 -811.000000 -810.000000 10.000000 6.837722 13.162278
-810.000000 -809.000000 -808.000000 12.000000 8.535898 15.464102
-808.000000 -807.000000 -806.000000 4.000000 2.000000 6.000000
-806.000000 -805.000000 -804.000000 6.000000 3.550510 8.449490
-804.000000 -803.000000 -802.000000 6.000000 3.550510 8.449490
-802.000000 -801.000000 -800.000000 12.000000 8.535898 15.464102
-800.000000 -799.000000 -798.000000 7.000000 4.354249 9.645751
-798.000000 -797.000000 -796.000000 12.000000 8.535898 15.464102
-796.000000 -795.000000 -794.000000 10.000000 6.837722 13.162278
-794.000000 -793.000000 -792.000000 11.000000 7.683375 14.316625
-792.000000 -791.000000 -790.000000 7.000000 4.354249 9.645751
-790.000000 -789.000000 -788.000000 7.000000 4.354249 9.645751
-788.000000 -787.000000 -786.000000 9.000000 6.000000 12.000000
-786.000000 -785.000000 -784.000000 12.000000 8.535898 15.464102
-784.000000 -783.000000 -782.000000 11.000000 7.683375 14.316625
-782.000000 -781.000000 -780.000000 8.000000 5.171573 10.828427
-780.000000 -779.000000 -778.000000 3.000000 1.267949 4.732051
-778.000000 -777.000000 -776.000000 10.000000 6.837722 13.162278
-776.000000 -775.000000 -774.000000 9.000000 6.000000 12.000000
-774.000000 -773.000000 -772.000000 9.000000 6.000000 12.000000
-772.000000 -771.000000 -770.000000 11.000000 7.683375 14.316625
-770.000000 -769.000000 -768.000000 12.000000 8.535898 15.464102
-768.000000 -767.000000 -766.000000 6.000000 3.550510 8.449490
-766.000000 -765.000000 -764.000000 8.000000 5.171573 10.828427
-764.000000 -763.000000 -762.000000 10.000000 6.837722 13.162278
-762.000000 -761.000000 -760.000000 8.000000 5.171573 10.828427
-760.000000 -759.000000 -758.000000 12.000000 8.535898 15.464102
-758.000000 -757.000000 -756.000000 8.000000 5.171573 10.828427
-756.000000 -755.000000 -754.000000 9.000000 6.000000 12.000000
-754.000000 -753.000000 -752.000000 8.000000 5.171573 10.828427
-752.000000 -751.000000 -750.000000 6.000000 3.550510 8.449490
-750.000000 -749.000000 -748.000000 7.000000 4.354249 9.645751
-748.000000 -747.000000 -746.000000 11.000000 7.683375 14.316625
-746.000000 -745.000000 -744.000000 8.000000 5.171573 10.828427
-744.000000 -743.000000 -742.000000 14.000000 10.258343 17.741657
-742.000000 -741.000000 -740.000000 6.000000 3.550510 8.449490
-740.000000 -739.000000 -738.000000 8.000000 5.171573 10.828427
-738.000000 -737.000000 -736.000000 9.000000 6.000000 12.000000
-736.000000 -735.000000 -734.000000 14.000000 10.258343 17.741657
-734.000000 -733.000000 -732.000000 11.000000 7.683375 14.316625
-732.000000 -731.000000 -730.000000 5.000000 2.763932 7.236068
-730.000000 -729.000000 -728.000000 9.000000 6.000000 12.000000
-728.000000 -727.000000 -726.000000 5.000000 2.763932 7.236068
-726.000000 -725.000000 -724.000000 11.000000 7.683375 14.316625
-724.000000 -723.000000 -722.000000 9.000000 6.000000 12.000000
-722.000000 -721.000000 -720.000000 14.000000 10.258343 17.741657
-720.000000 -719.000000 -718.000000 8.000000 5.171573 10.828427
-718.000000 -717.000000 -716.000000 4.000000 2.000000 6.000000
-716.000000 -715.000000 -714.000000 14.000000 10.258343 17.741657
-714.000000 -713.000000 -712.000000 9.000000 6.000000 12.000000
-712.000000 -711.000000 -710.000000 15.000000 11.127017 18.872983
-710.000000 -709.000000 -708.000000 6.000000 3.550510 8.449490
-708.000000 -707.000000 -706.000000 7.000000 4.354249 9.645751
-706.000000 -705.000000 -704.000000 5.000000 2.763932 7.236068
-704.000000 -703.000000 -702.000000 12.000000 8.535898 15.464102
-702.000000 -701.000000 -700.000000 7.000000 4.354249 9.645751
-700.000000 -699.000000 -698.000000 6.000000 3.550510 8.449490
-698.000000 -697.000000 -696.000000 7.000000 4.354249 9.645751
-696.000000 -695.000000 -694.000000 8.000000 5.171573 10.828427
-694.000000 -693.000000 -692.000000 10.000000 6.837722 13.162278
-692.000000 -691.000000 -690.000000 13.000000 9.394449 16.605551
-690.000000 -689.000000 -688.000000 9.000000 6.000000 12.000000
-688.000000 -687.000000 -686.000000 14.000000 10.258343 17.741657
-686.000000 -685.000000 -684.000000 10.000000 6.837722 13.162278
-684.000000 -683.000000 -682.000000 9.000000 6.000000 12.000000
-682.000000 -681.000000 -680.000000 13.000000 9.394449 16.605551
-680.000000 -679.000000 -678.000000 7.000000 4.354249 9.645751
-678.000000 -677.000000 -676.000000 2.000000 0.585786 3.414214
-676.000000 -675.000000 -674.000000 11.000000 7.683375 14.316625
-674.000000 -673.000000 -672.000000 4.000000 2.000000 6.000000
-672.000000 -671.000000 -670.000000 6.000000 3.550510 8.449490
-670.000000 -669.000000 -668.000000 8.000000 5.171573 10.828427
-668.000000 -667.000000 -666.000000 7.000000 4.354249 9.645751
-666.000000 -665.000000 -664.000000 8.000000 5.171573 10.828427
-664.000000 -663.000000 -662.000000 11.000000 7.683375 14.316625
-662.000000 -661.000000 -660.000000 6.000000 3.550510 8.449490
-660.000000 -659.000000 -658.000000 14.000000 10.258343 17.741657
-658.000000 -657.000000 -656.000000 4.000000 2.000000 6.000000
-656.000000 -655.000000 -654.000000 9.000000 6.000000 12.000000
-654.000000 -653.000000 -652.000000 8.000000 5.171573 10.828427
-652.000000 -651.000000 -650.000000 15.000000 11.127017 18.872983
-650.000000 -649.000000 -648.000000 12.000000 8.535898 15.464102
-648.000000 -647.000000 -646.000000 9.000000 6.000000 12.000000
-646.000000 -645.000000 -644.000000 8.000000 5.171573 10.828427
-644.000000 -643.000000 -642.000000 10.000000 6.837722 13.162278
-642.000000 -641.000000 -640.000000 5.000000 2.763932 7.236068
-640.000000 -639.000000 -638.000000 16.000000 12.000000 20.000000
-638.000000 -637.000000 -636.000000 8.000000 5.171573 10.828427
-636.000000 -635.000000 -634.000000 7.000000 4.354249 9.645751
-634.000000 -633.000000 -632.000000 8.000000 5.171573 10.828427
-632.000000 -631.000000 -630.000000 5.000000 2.763932 7.236068
-630.000000 -629.000000 -628.000000 8.000000 5.171573 10.828427
-628.000000 -627.000000 -626.000000 8.000000 5.171573 10.828427
-626.000000 -625.000000 -624.000000 9.000000 6.000000 12.000000
-624.000000 -623.000000 -622.000000 11.000000 7.683375 14.316625
-622.000000 -621.000000 -620.000000 13.000000 9.394449 16.605551
-620.000000 -619.000000 -618.000000 6.000000 3.550510 8.449490
-618.000000 -617.000000 -616.000000 8.000000 5.171573 10.828427
-616.000000 -615.000000 -614.000000 8.000000 5.171573 10.828427
-614.000000 -613.000000 -612.000000 7.000000 4.354249 9.645751
-612.000000 -611.000000 -610.000000 6.000000 3.550510 8.449490
-610.000000 -609.000000 -608.000000 5.000000 2.763932 7.236068
-608.000000 -607.000000 -606.000000 6.000000 3.550510 8.449490
-606.000000 -605.000000 -604.000000 9.000000 6.000000 12.000000
-604.000000 -603.000000 -602.000000 10.000000 6.837722 13.162278
-602.000000 -601.000000 -600.000000 6.000000 3.550510 8.449490
-600.000000 -599.000000 -598.000000 13.000000 9.394449 16.605551
-598.000000 -597.000000 -596.000000 5.000000 2.763932 7.236068
-596.000000 -595.000000 -594.000000 7.000000 4.354249 9.645751
-594.000000 -593.000000 -592.000000 9.000000 6.000000 12.000000
-592.000000 -591.000000 -590.000000 10.000000 6.837722 13.162278
-590.000000 -589.000000 -588.000000 11.000000 7.683375 14.316625
-588.000000 -587.000000 -586.000000 6.000000 3.550510 8.449490
-586.000000 -585.000000 -584.000000 7.000000 4.354249 9.645751
-584.000000 -583.000000 -582.000000 7.000000 4.354249 9.645751
-582.000000 -581.000000 -580.000000 10.000000 6.837722 13.162278
-580.000000 -579.000000 -578.000000 10.000000 6.837722 13.162278
-578.000000 -577.000000 -576.000000 6.000000 3.550510 8.449490
-576.000000 -575.000000 -574.000000 8.000000 5.171573 10.828427
-574.000000 -573.000000 -572.000000 10.000000 6.837722 13.162278
-572.000000 -571.000000 -570.000000 6.000000 3.550510 8.449490
-570.000000 -569.000000 -568.000000 6.000000 3.550510 8.449490
-568.000000 -567.000000 -566.000000 7.000000 4.354249 9.645751
-566.000000 -565.000000 -564.000000 9.000000 6.000000 12.000000
-564.000000 -563.000000 -562.000000 9.000000 6.000000 12.000000
-562.000000 -561.000000 -560.000000 7.000000 4.354249 9.645751
-560.000000 -559.000000 -558.000000 11.000000 7.683375 14.316625
-558.000000 -557.000000 -556.000000 3.000000 1.267949 4.732051
-556.000000 -555.000000 -554.000000 5.000000 2.763932 7.236068
-554.000000 -553.000000 -552.000000 18.000000 13.757359 22.242641
-552.000000 -551.000000 -550.000000 8.000000 5.171573 10.828427
-550.000000 -549.000000 -548.000000 10.000000 6.837722 13.162278
-548.000000 -547.000000 -546.000000 5.000000 2.763932 7.236068
-546.000000 -545.000000 -544.000000 9.000000 6.000000 12.000000
-544.000000 -543.000000 -542.000000 7.000000 4.354249 9.645751
-542.000000 -541.000000 -540.000000 12.000000 8.535898 15.464102
-540.000000 -539.000000 -538.000000 7.000000 4.354249 9.645751
-538.000000 -537.000000 -536.000000 10.000000 6.837722 13.162278
-536.000000 -535.000000 -534.000000 7.000000 4.354249 9.645751
-534.000000 -533.000000 -532.000000 9.000000 6.000000 12.000000
-532.000000 -531.000000 -530.000000 8.000000 5.171573 10.828427
-530.000000 -529.000000 -528.000000 14.000000 10.258343 17.741657
-528.000000 -527.000000 -526.000000 7.000000 4.354249 9.645751
-526.000000 -525.000000 -524.000000 5.000000 2.763932 7.236068
-524.000000 -523.000000 -522.000000 11.000000 7.683375 14.316625
-522.000000 -521.000000 -520.000000 6.000000 3.550510 8.449490
-520.000000 -519.000000 -518.000000 9.000000 6.000000 12.000000
-518.000000 -517.000000 -516.000000 9.000000 6.000000 12.000000
-516.000000 -515.000000 -514.000000 8.000000 5.171573 10.828427
-514.000000 -513.000000 -512.000000 9.000000 6.000000 12.000000
-512.000000 -511.000000 -510.000000 9.000000 6.000000 12.000000
-510.000000 -509.000000 -508.000000 5.000000 2.763932 7.236068
-508.000000 -507.000000 -506.000000 12.000000 8.535898 15.464102
-506.000000 -505.000000 -504.000000 3.000000 1.267949 4.732051
-504.000000 -503.000000 -502.000000 8.000000 5.171573 10.828427
-502.000000 -501.000000 -500.000000 7.000000 4.354249 9.645751
-500.000000 -499.000000 -498.000000 7.000000 4.354249 9.645751
-498.000000 -497.000000 -496.000000 10.000000 6.837722 13.162278
-496.000000 -495.000000 -494.000000 7.000000 4.354249 9.645751
-494.000000 -493.000000 -492.000000 7.000000 4.354249 9.645751
-492.000000 -491.000000 -490.000000 3.000000 1.267949 4.732051
-490.000000 -489.000000 -488.000000 10.000000 6.837722 13.162278
-488.000000 -487.000000 -486.000000 7.000000 4.354249 9.645751
-486.000000 -485.000000 -484.000000 9.000000 6.000000 12.000000
-484.000000 -483.000000 -482.000000 4.000000 2.000000 6.000000
-482.000000 -481.000000 -480.000000 10.000000 6.837722 13.162278
-480.000000 -479.000000 -478.000000 8.000000 5.171573 10.828427
-478.000000 -477.000000 -476.000000 8.000000 5.171573 10.828427
-476.000000 -475.000000 -474.000000 5.000000 2.763932 7.236068
-474.000000 -473.000000 -472.000000 8.000000 5.171573 10.828427
-472.000000 -471.000000 -470.000000 11.000000 7.683375 14.316625
-470.000000 -469.000000 -468.000000 10.000000 6.837722 13.162278
-468.000000 -467.000000 -466.000000 11.000000 7.683375 14.316625
-466.000000 -465.000000 -464.000000 10.000000 6.837722 13.162278
-464.000000 -463.000000 -462.000000 5.000000 2.763932 7.236068
-462.000000 -461.000000 -460.000000 8.000000 5.171573 10.828427
-460.000000 -459.000000 -458.000000 5.000000 2.763932 7.236068
-458.000000 -457.000000 -456.000000 2.000000 0.585786 3.414214
-456.000000 -455.000000 -454.000000 7.000000 4.354249 9.645751
-454.000000 -453.000000 -452.000000 6.000000 3.550510 8.449490
-452.000000 -451.000000 -450.000000 7.000000 4.354249 9.645751
-450.000000 -449.000000 -448.000000 9.000000 6.000000 12.000000
-448.000000 -447.000000 -446.000000 10.000000 6.837722 13.162278
-446.000000 -445.000000 -444.000000 10.000000 6.837722 13.162278
-444.000000 -443.000000 -442.000000 6.000000 3.550510 8.449490
-442.000000 -441.000000 -440.000000 12.000000 8.535898 15.464102
-440.000000 -439.000000 -438.000000 8.000000 5.171573 10.828427
-438.000000 -437.000000 -436.000000 12.000000 8.535898 15.464102
-436.000000 -435.000000 -434.000000 10.000000 6.837722 13.162278
-434.000000 -433.000000 -432.000000 11.000000 7.683375 14.316625
-432.000000 -431.000000 -430.000000 5.000000 2.763932 7.236068
-430.000000 -429.000000 -428.000000 12.000000 8.535898 15.464102
-428.000000 -427.000000 -426.000000 12.000000 8.535898 15.464102
-426.000000 -425.000000 -424.000000 3.000000 1.267949 4.732051
-424.000000 -423.000000 -422.000000 9.000000 6.000000 12.000000
-422.000000 -421.000000 -420.000000 9.000000 6.000000 12.000000
-420.000000 -419.000000 -418.000000 11.000000 7.683375 14.316625
-418.000000 -417.000000 -416.000000 10.000000 6.837722 13.162278
-416.000000 -415.000000 -414.000000 7.000000 4.354249 9.645751
-414.000000 -413.000000 -412.000000 9.000000 6.000000 12.000000
-412.000000 -411.000000 -410.000000 6.000000 3.550510 8.449490
-410.000000 -409.000000 -408.000000 13.000000 9.394449 16.605551
-408.000000 -407.000000 -406.000000 9.000000 6.000000 12.000000
-406.000000 -405.000000 -404.000000 10.000000 6.837722 13.162278
-404.000000 -403.000000 -402.000000 7.000000 4.354249 9.645751
-402.000000 -401.000000 -400.000000 6.000000 3.550510 8.449490
-400.000000 -399.000000 -398.000000 5.000000 2.763932 7.236068
-398.000000 -397.000000 -396.000000 10.000000 6.837722 13.162278
-396.000000 -395.000000 -394.000000 11.000000 7.683375 14.316625
-394.000000 -393.000000 -392.000000 14.000000 10.258343 17.741657
-392.000000 -391.000000 -390.000000 4.000000 2.000000 6.000000
-390.000000 -389.000000 -388.000000 8.000000 5.171573 10.828427
-388.000000 -387.000000 -386.000000 10.000000 6.837722 13.162278
-386.000000 -385.000000 -384.000000 5.000000 2.763932 7.236068
-384.000000 -383.000000 -382.000000 12.000000 8.535898 15.464102
-382.000000 -381.000000 -380.000000 9.000000 6.000000 12.000000
-380.000000 -379.000000 -378.000000 4.000000 2.000000 6.000000
-378.000000 -377.000000 -376.000000 8.000000 5.171573 10.828427
-376.000000 -375.000000 -374.000000 8.000000 5.171573 10.828427
-374.000000 -373.000000 -372.000000 10.000000 6.837722 13.162278
-372.000000 -371.000000 -370.000000 7.000000 4.354249 9.645751
-370.000000 -369.000000 -368.000000 8.000000 5.171573 10.828427
-368.000000 -367.000000 -366.000000 5.000000 2.763932 7.236068
-366.000000 -365.000000 -364.000000 8.000000 5.171573 10.828427
-364.000000 -363.000000 -362.000000 14.000000 10.258343 17.741657
-362.000000 -361.000000 -360.000000 10.000000 6.837722 13.162278
-360.000000 -359.000000 -358.000000 11.000000 7.683375 14.316625
-358.000000 -357.000000 -356.000000 10.000000 6.837722 13.162278
-356.000000 -355.000000 -354.000000 10.000000 6.837722 13.162278
-354.000000 -353.000000 -352.000000 6.000000 3.550510 8.449490
-352.000000 -351.000000 -350.000000 11.000000 7.683375 14.316625
-350.000000 -349.000000 -348.000000 7.000000 4.354249 9.645751
-348.000000 -347.000000 -346.000000 9.000000 6.000000 12.000000
-346.000000 -345.000000 -344.000000 10.000000 6.837722 13.162278
-344.000000 -343.000000 -342.000000 11.000000 7.683375 14.316625
-342.000000 -341.000000 -340.000000 9.000000 6.000000 12.000000
-340.000000 -339.000000 -338.000000 16.000000 12.000000 20.000000
-338.000000 -337.000000 -336.000000 6.000000 3.550510 8.449490
-336.000000 -335.000000 -334.000000 10.000000 6.837722 13.162278
-334.000000 -333.000000 -332.000000 11.000000 7.683375 14.316625
-332.000000 -331.000000 -330.000000 12.000000 8.535898 15.464102
-330.000000 -329.000000 -328.000000 9.000000 6.000000 12.000000
-328.000000 -327.000000 -326.000000 6.000000 3.550510 8.449490
-326.000000 -325.000000 -324.000000 5.000000 2.763932 7.236068
-324.000000 -323.000000 -322.000000 14.000000 10.258343 17.741657
-322.000000 -321.000000 -320.000000 14.000000 10.258343 17.741657
-320.000000 -319.000000 -318.000000 13.000000 9.394449 16.605551
-318.000000 -317.000000 -316.000000 11.000000 7.683375 14.316625
-316.000000 -315.000000 -314.000000 9.000000 6.000000 12.000000
-314.000000 -313.000000 -312.000000 10.000000 6.837722 13.162278
-312.000000 -311.000000 -310.000000 14.000000 10.258343 17.741657
-310.000000 -309.000000 -308.000000 5.000000 2.763932 7.236068
-308.000000 -307.000000 -306.000000 7.000000 4.354249 9.645751
-306.000000 -305.000000 -304.000000 11.000000 7.683375 14.316625
-304.000000 -303.000000 -302.000000 6.000000 3.550510 8.449490
-302.000000 -301.000000 -300.000000 8.000000 5.171573 10.828427
-300.000000 -299.000000 -298.000000 7.000000 4.354249 9.645751
-298.000000 -297.000000 -296.000000 9.000000 6.000000 12.000000
-296.000000 -295.000000 -294.000000 6.000000 3.550510 8.449490
-294.000000 -293.000000 -292.000000 14.000000 10.258343 17.741657
-292.000000 -291.000000 -290.000000 6.000000 3.550510 8.449490
-290.000000 -289.000000 -288.000000 5.000000 2.763932 7.236068
-288.000000 -287.000000 -286.000000 8.000000 5.171573 10.828427
-286.000000 -285.000000 -284.000000 9.000000 6.000000 12.000000
-284.000000 -283.000000 -282.000000 11.000000 7.683375 14.316625
-282.000000 -281.000000 -280.000000 8.000000 5.171573 10.828427
-280.000000 -279.000000 -278.000000 13.000000 9.394449 16.605551
-278.000000 -277.000000 -276.000000 6.000000 3.550510 8.449490
-276.000000 -275.000000 -274.000000 5.000000 2.763932 7.236068
-274.000000 -273.000000 -272.000000 8.000000 5.171573 10.828427
-272.000000 -271.000000 -270.000000 6.000000 3.550510 8.449490
-270.000000 -269.000000 -268.000000 8.000000 5.171573 10.828427
-268.000000 -267.000000 -266.000000 7.000000 4.354249 9.645751
-266.000000 -265.000000 -264.000000 7.000000 4.354249 9.645751
-264.000000 -263.000000 -262.000000 9.000000 6.000000 12.000000
-262.000000 -261.000000 -260.000000 8.000000 5.171573 10.828427
-260.000000 -259.000000 -258.000000 16.000000 12.000000 20.000000
-258.000000 -257.000000 -256.000000 7.000000 4.354249 9.645751
-256.000000 -255.000000 -254.000000 11.000000 7.683375 14.316625
-254.000000 -253.000000 -252.000000 8.000000 5.171573 10.828427
-252.000000 -251.000000 -250.000000 10.000000 6.837722 13.162278
-250.000000 -249.000000 -248.000000 10.000000 6.837722 13.162278
-248.000000 -247.000000 -246.000000 10.000000 6.837722 13.162278
-246.000000 -245.000000 -244.000000 11.000000 7.683375 14.316625
-244.000000 -243.000000 -242.000000 6.000000 3.550510 8.449490
-242.000000 -241.000000 -240.000000 8.000000 5.171573 10.828427
-240.000000 -239.000000 -238.000000 6.000000 3.550510 8.449490
-238.000000 -237.000000 -236.000000 10.000000 6.837722 13.162278
-236.000000 -235.000000 -234.000000 10.000000 6.837722 13.162278
-234.000000 -233.000000 -232.000000 8.000000 5.171573 10.828427
-232.000000 -231.000000 -230.000000 8.000000 5.171573 10.828427
-230.000000 -229.000000 -228.000000 11.000000 7.683375 14.316625
-228.000000 -227.000000 -226.000000 12.000000 8.535898 15.464102
-226.000000 -225.000000 -224.000000 9.000000 6.000000 12.000000
-224.000000 -223.000000 -222.000000 6.000000 3.550510 8.449490
-222.000000 -221.000000 -220.000000 9.000000 6.000000 12.000000
-220.000000 -219.000000 -218.000000 7.000000 4.354249 9.645751
-218.000000 -217.000000 -216.000000 12.000000 8.535898 15.464102
-216.000000 -215.000000 -214.000000 11.000000 7.683375 14.316625
-214.000000 -213.000000 -212.000000 5.000000 2.763932 7.236068
-212.000000 -211.000000 -210.000000 4.000000 2.000000 6.000000
-210.000000 -209.000000 -208.000000 10.000000 6.837722 13.162278
-208.000000 -207.000000 -206.000000 11.000000 7.683375 14.316625
-206.000000 -205.000000 -204.000000 10.000000 6.837722 13.162278
-204.000000 -203.000000 -202.000000 16.000000 12.000000 20.000000
-202.000000 -201.000000 -200.000000 13.000000 9.394449 16.605551
-200.000000 -199.000000 -198.000000 9.000000 6.000000 12.000000
-198.000000 -197.000000 -196.000000 4.000000 2.000000 6.000000
-196.000000 -195.000000 -194.000000 8.000000 5.171573 10.828427
-194.000000 -193.000000 -192.000000 6.000000 3.550510 8.449490
-192.000000 -191.000000 -190.000000 11.000000 7.683375 14.316625
-190.000000 -189.000000 -188.000000 15.000000 11.127017 18.872983
-188.000000 -187.000000 -186.000000 8.000000 5.171573 10.828427
-186.000000 -185.000000 -184.000000 10.000000 6.837722 13.162278
-184.000000 -183.000000 -182.000000 11.000000 7.683375 14.316625
-182.000000 -181.000000 -180.000000 10.000000 6.837722 13.162278
-180.000000 -179.000000 -178.000000 7.000000 4.354249 9.645751
-178.000000 -177.000000 -176.000000 7.000000 4.354249 9.645751
-176.000000 -175.000000 -174.000000 16.000000 12.000000 20.000000
-174.000000 -173.000000 -172.000000 8.000000 5.171573 10.828427
-172.000000 -171.000000 -170.000000 10.000000 6.837722 13.162278
-170.000000 -169.000000 -168.000000 7.000000 4.354249 9.645751
-168.000000 -167.000000 -166.000000 10.000000 6.837722 13.162278
-166.000000 -165.000000 -164.000000 17.000000 12.876894 21.123106
-164.000000 -163.000000 -162.000000 9.000000 6.000000 12.000000
-162.000000 -161.000000 -160.000000 11.000000 7.683375 14.316625
-160.000000 -159.000000 -158.000000 11.000000 7.683375 14.316625
-158.000000 -157.000000 -156.000000 14.000000 10.258343 17.741657
-156.000000 -155.000000 -154.000000 3.000000 1.267949 4.732051
-154.000000 -153.000000 -152.000000 11.000000 7.683375 14.316625
-152.000000 -151.000000 -150.000000 5.000000 2.763932 7.236068
-150.000000 -149.000000 -148.000000 5.000000 2.763932 7.236068
-148.000000 -147.000000 -146.000000 3.000000 1.267949 4.732051
-146.000000 -145.000000 -144.000000 8.000000 5.171573 10.828427
-144.000000 -143.000000 -142.000000 11.000000 7.683375 14.316625
-142.000000 -141.000000 -140.000000 8.000000 5.171573 10.828427
-140.000000 -139.000000 -138.000000 10.000000 6.837722 13.162278
-138.000000 -137.000000 -136.000000 9.000000 6.000000 12.000000
-136.000000 -135.000000 -134.000000 10.000000 6.837722 13.162278
-134.000000 -133.000000 -132.000000 8.000000 5.171573 10.828427
-132.000000 -131.000000 -130.000000 10.000000 6.837722 13.162278
-130.000000 -129.000000 -128.000000 11.000000 7.683375 14.316625
-128.000000 -127.000000 -126.000000 9.000000 6.000000 12.000000
-126.000000 -125.000000 -124.000000 6.000000 3.550510 8.449490
-124.000000 -123.000000 -122.000000 11.000000 7.683375 14.316625
-122.000000 -121.000000 -120.000000 13.000000 9.394449 16.605551
-120.000000 -119.000000 -118.000000 6.000000 3.550510 8.449490
-118.000000 -117.000000 -116.000000 12.000000 8.535898 15.464102
-116.000000 -115.000000 -114.000000 10.000000 6.837722 13.162278
-114.000000 -113.000000 -112.000000 5.000000 2.763932 7.236068
-112.000000 -111.000000 -110.000000 8.000000 5.171573 10.828427
-110.000000 -109.000000 -108.000000 12.000000 8.535898 15.464102
-108.000000 -107.000000 -106.000000 6.000000 3.550510 8.449490
-106.000000 -105.000000 -104.000000 5.000000 2.763932 7.236068
-104.000000 -103.000000 -102.000000 7.000000 4.354249 9.645751
-102.000000 -101.000000 -100.000000 11.000000 7.683375 14.316625
-100.000000 -99.000000 -98.000000 7.000000 4.354249 9.645751
-98.000000 -97.000000 -96.000000 10.000000 6.837722 13.162278
-96.000000 -95.000000 -94.000000 9.000000 6.000000 12.000000
-94.000000 -93.000000 -92.000000 9.000000 6.000000 12.000000
-92.000000 -91.000000 -90.000000 7.000000 4.354249 9.645751
-90.000000 -89.000000 -88.000000 8.000000 5.171573 10.828427
-88.000000 -87.000000 -86.000000 8.000000 5.171573 10.828427
-86.000000 -85.000000 -84.000000 6.000000 3.550510 8.449490
-84.000000 -83.000000 -82.000000 11.000000 7.683375 14.316625
-82.000000 -81.000000 -80.000000 13.000000 9.394449 16.605551
-80.000000 -79.000000 -78.000000 10.000000 6.837722 13.162278
-78.000000 -77.000000 -76.000000 14.000000 10.258343 17.741657
-76.000000 -75.000000 -74.000000 9.000000 6.000000 12.000000
-74.000000 -73.000000 -72.000000 6.000000 3.550510 8.449490
-72.000000 -71.000000 -70.000000 6.000000 3.550510 8.449490
-70.000000 -69.000000 -68.000000 10.000000 6.837722 13.162278
-68.000000 -67.000000 -66.000000 8.000000 5.171573 10.828427
-66.000000 -65.000000 -64.000000 11.000000 7.683375 14.316625
-64.000000 -63.000000 -62.000000 10.000000 6.837722 13.162278
-62.000000 -61.000000 -60.000000 4.000000 2.000000 6.000000
-60.000000 -59.000000 -58.000000 11.000000 7.683375 14.316625
-58.000000 -57.000000 -56.000000 7.000000 4.354249 9.645751
-56.000000 -55.000000 -54.000000 11.000000 7.683375 14.316625
-54.000000 -53.000000 -52.000000 5.000000 2.763932 7.236068
-52.000000 -51.000000 -50.000000 4.000000 2.000000 6.000000
-50.000000 -49.000000 -48.000000 9.000000 6.000000 12.000000
-48.000000 -47.000000 -46.000000 3.000000 1.267949 4.732051
-46.000000 -45.000000 -44.000000 13.000000 9.394449 16.605551
-44.000000 -43.000000 -42.000000 8.000000 5.171573 10.828427
-42.000000 -41.000000 -40.000000 9.000000 6.000000 12.000000
-40.000000 -39.000000 -38.000000 7.000000 4.354249 9.645751
-38.000000 -37.000000 -36.000000 7.000000 4.354249 9.645751
-36.000000 -35.000000 -34.000000 9.000000 6.000000 12.000000
-34.000000 -33.000000 -32.000000 8.000000 5.171573 10.828427
-32.000000 -31.000000 -30.000000 8.000000 5.171573 10.828427
-30.000000 -29.000000 -28.000000 13.000000 9.394449 16.605551
-28.000000 -27.000000 -26.000000 14.000000 10.258343 17.741657
-26.000000 -25.000000 -24.000000 6.000000 3.550510 8.449490
-24.000000 -23.000000 -22.000000 7.000000 4.354249 9.645751
-22.000000 -21.000000 -20.000000 6.000000 3.550510 8.449490
-20.000000 -19.000000 -18.000000 9.000000 6.000000 12.000000
-18.000000 -17.000000 -16.000000 11.000000 7.683375 14.316625
-16.000000 -15.000000 -14.000000 8.000000 5.171573 10.828427
-14.000000 -13.000000 -12.000000 8.000000 5.171573 10.828427
-12.000000 -11.000000 -10.000000 7.000000 4.354249 9.645751
-10.000000 -9.000000 -8.000000 9.000000 6.000000 12.000000
-8.000000 -7.000000 -6.000000 18.000000 13.757359 22.242641
-6.000000 -5.000000 -4.000000 25.000000 20.000000 30.000000
-4.000000 -3.000000 -2.000000 41.000000 34.596876 47.403124
-2.000000 -1.000000 0.000000 490.000000 467.864056 512.135944
0.000000 1.000000 2.000000 764.000000 736.359450 791.640550
2.000000 3.000000 4.000000 568.000000 544.167249 591.832751
4.000000 5.000000 6.000000 741.000000 713.778685 768.221315
6.000000 7.000000 8.000000 625.000000 600.000000 650.000000
8.000000 9.000000 10.000000 537.000000 513.826740 560.173260
10.000000 11.000000 12.000000 521.000000 498.174576 543.825424
12.000000 13.000000 14.000000 430.000000 409.263559 450.736441
14.000000 15.000000 16.000000 423.000000 402.433036 443.566964
16.000000 17.000000 18.000000 391.000000 371.226280 410.773720
18.000000 19.000000 20.000000 397.000000 377.075141 416.924859
20.000000 21.000000 22.000000 384.000000 364.404082 403.595918
22.000000 23.000000 24.000000 389.000000 369.276917 408.723083
24.000000 25.000000 26.000000 384.000000 364.404082 403.595918
26.000000 27.000000 28.000000 363.000000 343.947441 382.052559
28.000000 29.000000 30.000000 352.000000 333.238337 370.761663
30.000000 31.000000 32.000000 327.000000 308.916859 345.083141
32.000000 33.000000 34.000000 320.000000 302.111456 337.888544
34.000000 35.000000 36.000000 374.000000 354.660920 393.339080
36.000000 37.000000 38.000000 340.000000 321.560911 358.439089
38.000000 39.000000 40.000000 309.000000 291.421604 326.578396
40.000000 41.000000 42.000000 328.000000 309.889230 346.110770
42.000000 43.000000 44.000000 377.000000 357.583512 396.416488
44.000000 45.000000 46.000000 309.000000 291.421604 326.578396
46.000000 47.000000 48.000000 351.000000 332.265006 369.734994
48.000000 49.000000 50.000000 305.000000 287.535751 322.464249
50.000000 51.000000 52.000000 342.000000 323.506758 360.493242
52.000000 53.000000 54.000000 318.000000 300.167445 335.832555
54.000000 55.000000 56.000000 303.000000 285.593105 320.406895
56.000000 57.000000 58.000000 304.000000 286.564404 321.435596
58.000000 59.000000 60.000000 304.000000 286.564404 321.435596
60.000000 61.000000 62.000000 303.000000 285.593105 320.406895
62.000000 63.000000 64.000000 330.000000 311.834098 348.165902
64.000000 65.000000 66.000000 297.000000 279.766312 314.233688
66.000000 67.000000 68.000000 303.000000 285.593105 320.406895
68.000000 69.000000 70.000000 298.000000 280.737323 315.262677
70.000000 71.000000 72.000000 278.000000 261.326668 294.673332
72.000000 73.000000 74.000000 295.000000 277.824436 312.175564
74.000000 75.000000 76.000000 265.000000 248.721179 281.278821
76.000000 77.000000 78.000000 296.000000 278.795349 313.204651
78.000000 79.000000 80.000000 285.000000 268.118057 301.881943
80.000000 81.000000 82.000000 294.000000 276.853572 311.146428
82.000000 83.000000 84.000000 251.000000 235.157020 266.842980
84.000000 85.000000 86.000000 297.000000 279.766312 314.233688
86.000000 87.000000 88.000000 305.000000 287.535751 322.464249
88.000000 89.000000 90.000000 301.000000 283.650648 318.349352
90.000000 91.000000 92.000000 267.000000 250.659865 283.340135
92.000000 93.000000 94.000000 268.000000 251.629294 284.370706
94.000000 95.000000 96.000000 286.000000 269.088465 302.911535
96.000000 97.000000 98.000000 249.000000 233.220266 264.779734
98.000000 99.000000 100.000000 226.000000 210.966704 241.033296
100.000000 101.000000 102.000000 240.000000 224.508067 255.491933
102.000000 103.000000 104.000000 226.000000 210.966704 241.033296
104.000000 105.000000 106.000000 245.000000 229.347524 260.652476
106.000000 107.000000 108.000000 235.000000 219.670290 250.329710
108.000000 109.000000 110.000000 253.000000 237.094026 268.905974
110.000000 111.000000 112.000000 240.000000 224.508067 255.491933
112.000000 113.000000 114.000000 246.000000 230.315613 261.684387
114.000000 115.000000 116.000000 246.000000 230.315613 261.684387
116.000000 117.000000 118.000000 252.000000 236.125492 267.874508
118.000000 119.000000 120.000000 246.000000 230.315613 261.684387
120.000000 121.000000 122.000000 241.000000 225.475825 256.524175
122.000000 123.000000 124.000000 233.000000 217.735662 248.264338
124.000000 125.000000 126.000000 251.000000 235.157020 266.842980
126.000000 127.000000 128.000000 225.000000 210.000000 240.000000
128.000000 129.000000 130.000000 216.000000 201.303062 230.696938
130.000000 131.000000 132.000000 215.000000 200.337122 229.662878
132.000000 133.000000 134.000000 230.000000 214.834249 245.165751
134.000000 135.000000 136.000000 214.000000 199.371261 228.628739
136.000000 137.000000 138.000000 224.000000 209.033370 238.966630
138.000000 139.000000 140.000000 230.000000 214.834249 245.165751
140.000000 141.000000 142.000000 237.000000 221.605196 252.394804
142.000000 143.000000 144.000000 223.000000 208.066815 237.933185
144.000000 145.000000 146.000000 222.000000 207.100336 236.899664
146.000000 147.000000 148.000000 213.000000 198.405480 227.594520
148.000000 149.000000 150.000000 205.000000 190.682179 219.317821
150.000000 151.000000 152.000000 207.000000 192.612505 221.387495
152.000000 153.000000 154.000000 219.000000 204.201351 233.798649
154.000000 155.000000 156.000000 231.000000 215.801316 246.198684
156.000000 157.000000 158.000000 219.000000 204.201351 233.798649
158.000000 159.000000 160.000000 210.000000 195.508623 224.491377
160.000000 161.000000 162.000000 200.000000 185.857864 214.142136
162.000000 163.000000 164.000000 219.000000 204.201351 233.798649
164.000000 165.000000 166.000000 213.000000 198.405480 227.594520
166.000000 167.000000 168.000000 206.000000 191.647300 220.352700
168.000000 169.000000 170.000000 218.000000 203.235177 232.764823
170.000000 171.000000 172.000000 216.000000 201.303062 230.696938
172.000000 173.000000 174.000000 176.000000 162.733501 189.266499
174.000000 175.000000 176.000000 206.000000 191.647300 220.352700
176.000000 177.000000 178.000000 181.000000 167.546376 194.453624
178.000000 179.000000 180.000000 194.000000 180.071612 207.928388
180.000000 181.000000 182.000000 208.000000 193.577795 222.422205
182.000000 183.000000 184.000000 197.000000 182.964331 211.035669
184.000000 185.000000 186.000000 181.000000 167.546376 194.453624
186.000000 187.000000 188.000000 193.000000 179.107556 206.892444
188.000000 189.000000 190.000000 196.000000 182.000000 210.000000
190.000000 191.000000 192.000000 174.000000 160.809094 187.190906
192.000000 193.000000 194.000000 166.000000 153.115901 178.884099
194.000000 195.000000 196.000000 200.000000 185.857864 214.142136
196.000000 197.000000 198.000000 183.000000 169.472251 196.527749
198.000000 199.000000 200.000000 179.000000 165.620912 192.379088
200.000000 201.000000 202.000000 160.000000 147.350889 172.649111
202.000000 203.000000 204.000000 181.000000 167.546376 194.453624
204.000000 205.000000 206.000000 183.000000 169.472251 196.527749
206.000000 207.000000 208.000000 182.000000 168.509262 195.490738
208.000000 209.000000 210.000000 171.000000 157.923303 184.076697
210.000000 211.000000 212.000000 167.000000 154.077152 179.922848
212.000000 213.000000 214.000000 162.000000 149.272078 174.727922
214.000000 215.000000 216.000000 134.000000 122.424163 145.575837
216.000000 217.000000 218.000000 172.000000 158.885123 185.114877
218.000000 219.000000 220.000000 160.000000 147.350889 172.649111
220.000000 221.000000 222.000000 147.000000 134.875644 159.124356
222.000000 223.000000 224.000000 176.000000 162.733501 189.266499
224.000000 225.000000 226.000000 175.000000 161.771243 188.228757
226.000000 227.000000 228.000000 146.000000 133.916954 158.083046
228.000000 229.000000 230.000000 167.000000 154.077152 179.922848
230.000000 231.000000 232.000000 162.000000 149.272078 174.727922
232.000000 233.000000 234.000000 158.000000 145.430195 170.569805
234.000000 235.000000 236.000000 159.000000 146.390480 171.609520
236.000000 237.000000 238.000000 154.000000 141.590326 166.409674
238.000000 239.000000 240.000000 160.000000 147.350889 172.649111
240.000000 241.000000 242.000000 173.000000 159.847054 186.152946
242.000000 243.000000 244.000000 171.000000 157.923303 184.076697
244.000000 245.000000 246.000000 144.000000 132.000000 156.000000
246.000000 247.000000 248.000000 142.000000 130.083625 153.916375
248.000000 249.000000 250.000000 145.000000 132.958405 157.041595
250.000000 251.000000 252.000000 132.000000 120.510875 143.489125
252.000000 253.000000 254.000000 173.000000 159.847054 186.152946
254.000000 255.000000 256.000000 155.000000 142.550100 167.449900
256.000000 257.000000 258.000000 126.000000 114.775028 137.224972
258.000000 259.000000 260.000000 150.000000 137.752551 162.247449
260.000000 261.000000 262.000000 156.000000 143.510004 168.489996
262.000000 263.000000 264.000000 156.000000 143.510004 168.489996
264.000000 265.000000 266.000000 137.000000 125.295300 148.704700
266.000000 267.000000 268.000000 154.000000 141.590326 166.409674
268.000000 269.000000 270.000000 148.000000 135.834475 160.165525
270.000000 271.000000 272.000000 133.000000 121.467437 144.532563
272.000000 273.000000 274.000000 121.000000 110.000000 132.000000
274.000000 275.000000 276.000000 136.000000 124.338096 147.661904
276.000000 277.000000 278.000000 137.000000 125.295300 148.704700
278.000000 279.000000 280.000000 145.000000 132.958405 157.041595
280.000000 281.000000 282.000000 129.000000 117.642183 140.357817
282.000000 283.000000 284.000000 132.000000 120.510875 143.489125
284.000000 285.000000 286.000000 136.000000 124.338096 147.661904
286.000000 287.000000 288.000000 127.000000 115.730572 138.269428
288.000000 289.000000 290.000000 134.000000 122.424163 145.575837
290.000000 291.000000 292.000000 132.000000 120.510875 143.489125
292.000000 293.000000 294.000000 130.000000 118.598246 141.401754
294.000000 295.000000 296.000000 130.000000 118.598246 141.401754
296.000000 297.000000 298.000000 117.000000 106.183346 127.816654
298.000000 299.000000 300.000000 136.000000 124.338096 147.661904
300.000000 301.000000 302.000000 163.000000 150.232855 175.767145
302.000000 303.000000 304.000000 129.000000 117.642183 140.357817
304.000000 305.000000 306.000000 115.000000 104.276195 125.723805
306.000000 307.000000 308.000000 134.000000 122.424163 145.575837
308.000000 309.000000 310.000000 114.000000 103.322922 124.677078
310.000000 311.000000 312.000000 126.000000 114.775028 137.224972
312.000000 313.000000 314.000000 110.000000 99.511912 120.488088
314.000000 315.000000 316.000000 125.000000 113.819660 136.180340
316.000000 317.000000 318.000000 148.000000 135.834475 160.165525
318.000000 319.000000 320.000000 107.000000 96.655920 117.344080
320.000000 321.000000 322.000000 104.000000 93.801961 114.198039
322.000000 323.000000 324.000000 120.000000 109.045549 130.954451
324.000000 325.000000 326.000000 113.000000 102.369854 123.630146
326.000000 327.000000 328.000000 101.000000 90.950124 111.049876
328.000000 329.000000 330.000000 144.000000 132.000000 156.000000
330.000000 331.000000 332.000000 113.000000 102.369854 123.630146
332.000000 333.000000 334.000000 104.000000 93.801961 114.198039
334.000000 335.000000 336.000000 114.000000 103.322922 124.677078
336.000000 337.000000 338.000000 111.000000 100.464346 121.535654
338.000000 339.000000 340.000000 113.000000 102.369854 123.630146
340.000000 341.000000 342.000000 102.000000 91.900495 112.099505
342.000000 343.000000 344.000000 98.000000 88.100505 107.899495
344.000000 345.000000 346.000000 114.000000 103.322922 124.677078
346.000000 347.000000 348.000000 96.000000 86.202041 105.797959
348.000000 349.000000 350.000000 109.000000 98.559693 119.440307
350.000000 351.000000 352.000000 118.000000 107.137220 128.862780
352.000000 353.000000 354.000000 111.000000 100.464346 121.535654
354.000000 355.000000 356.000000 88.000000 78.619168 97.380832
356.000000 357.000000 358.000000 92.000000 82.408337 101.591663
358.000000 359.000000 360.000000 111.000000 100.464346 121.535654
360.000000 361.000000 362.000000 86.000000 76.726382 95.273618
362.000000 363.000000 364.000000 91.000000 81.460608 100.539392
364.000000 365.000000 366.000000 83.000000 73.889566 92.110434
366.000000 367.000000 368.000000 98.000000 88.100505 107.899495
368.000000 369.000000 370.000000 105.000000 94.753049 115.246951
370.000000 371.000000 372.000000 92.000000 82.408337 101.591663
372.000000 373.000000 374.000000 100.000000 90.000000 110.000000
374.000000 375.000000 376.000000 91.000000 81.460608 100.539392
376.000000 377.000000 378.000000 96.000000 86.202041 105.797959
378.000000 379.000000 380.000000 99.000000 89.050126 108.949874
380.000000 381.000000 382.000000 93.000000 83.356349 102.643651
382.000000 383.000000 384.000000 89.000000 79.566019 98.433981
384.000000 385.000000 386.000000 96.000000 86.202041 105.797959
386.000000 387.000000 388.000000 100.000000 90.000000 110.000000
388.000000 389.000000 390.000000 103.000000 92.851108 113.148892
390.000000 391.000000 392.000000 88.000000 78.619168 97.380832
392.000000 393.000000 394.000000 82.000000 72.944615 91.055385
394.000000 395.000000 396.000000 86.000000 76.726382 95.273618
396.000000 397.000000 398.000000 105.000000 94.753049 115.246951
398.000000 399.000000 400.000000 110.000000 99.511912 120.488088
400.000000 401.000000 402.000000 101.000000 90.950124 111.049876
402.000000 403.000000 404.000000 92.000000 82.408337 101.591663
404.000000 405.000000 406.000000 87.000000 77.672621 96.327379
406.000000 407.000000 408.000000 96.000000 86.202041 105.797959
408.000000 409.000000 410.000000 102.000000 91.900495 112.099505
410.000000 411.000000 412.000000 95.000000 85.253206 104.746794
412.000000 413.000000 414.000000 95.000000 85.253206 104.746794
414.000000 415.000000 416.000000 88.000000 78.619168 97.380832
416.000000 417.000000 418.000000 90.000000 80.513167 99.486833
418.000000 419.000000 420.000000 83.000000 73.889566 92.110434
420.000000 421.000000 422.000000 81.000000 72.000000 90.000000
422.000000 423.000000 424.000000 92.000000 82.408337 101.591663
424.000000 425.000000 426.000000 88.000000 78.619168 97.380832
426.000000 427.000000 428.000000 99.000000 89.050126 108.949874
428.000000 429.000000 430.000000 68.000000 59.753789 76.246211
430.000000 431.000000 432.000000 73.000000 64.455996 81.544004
432.000000 433.000000 434.000000 72.000000 63.514719 80.485281
434.000000 435.000000 436.000000 79.000000 70.111806 87.888194
436.000000 437.000000 438.000000 88.000000 78.619168 97.380832
438.000000 439.000000 440.000000 78.000000 69.168239 86.831761
440.000000 441.000000 442.000000 86.000000 76.726382 95.273618
442.000000 443.000000 444.000000 92.000000 82.408337 101.591663
444.000000 445.000000 446.000000 103.000000 92.851108 113.148892
446.000000 447.000000 448.000000 95.000000 85.253206 104.746794
448.000000 449.000000 450.000000 92.000000 82.408337 101.591663
450.000000 451.000000 452.000000 73.000000 64.455996 81.544004
452.000000 453.000000 454.000000 80.000000 71.055728 88.944272
454.000000 455.000000 456.000000 78.000000 69.168239 86.831761
456.000000 457.000000 458.000000 77.000000 68.225036 85.774964
458.000000 459.000000 460.000000 75.000000 66.339746 83.660254
460.000000 461.000000 462.000000 90.000000 80.513167 99.486833
462.000000 463.000000 464.000000 73.000000 64.455996 81.544004
464.000000 465.000000 466.000000 83.000000 73.889566 92.110434
466.000000 467.000000 468.000000 70.000000 61.633400 78.366600
468.000000 469.000000 470.000000 76.000000 67.282202 84.717798
470.000000 471.000000 472.000000 65.000000 56.937742 73.062258
472.000000 473.000000 474.000000 66.000000 57.875962 74.124038
474.000000 475.000000 476.000000 70.000000 61.633400 78.366600
476.000000 477.000000 478.000000 76.000000 67.282202 84.717798
478.000000 479.000000 480.000000 61.000000 53.189750 68.810250
480.000000 481.000000 482.000000 78.000000 69.168239 86.831761
482.000000 483.000000 484.000000 60.000000 52.254033 67.745967
484.000000 485.000000 486.000000 65.000000 56.937742 73.062258
486.000000 487.000000 488.000000 66.000000 57.875962 74.124038
488.000000 489.000000 490.000000 58.000000 50.384227 65.615773
490.000000 491.000000 492.000000 69.000000 60.693376 77.306624
492.000000 493.000000 494.000000 55.000000 47.583802 62.416198
494.000000 495.000000 496.000000 84.000000 74.834849 93.165151
496.000000 497.000000 498.000000 71.000000 62.573850 79.426150
498.000000 499.000000 500.000000 64.000000 56.000000 72.000000
500.000000 501.000000 502.000000 78.000000 69.168239 86.831761
502.000000 503.000000 504.000000 75.000000 66.339746 83.660254
504.000000 505.000000 506.000000 66.000000 57.875962 74.124038
506.000000 507.000000 508.000000 57.000000 49.450166 64.549834
508.000000 509.000000 510.000000 54.000000 46.651531 61.348469
510.000000 511.000000 512.000000 72.000000 63.514719 80.485281
512.000000 513.000000 514.000000 46.000000 39.217670 52.782330
514.000000 515.000000 516.000000 54.000000 46.651531 61.348469
516.000000 517.000000 518.000000 73.000000 64.455996 81.544004
518.000000 519.000000 520.000000 68.000000 59.753789 76.246211
520.000000 521.000000 522.000000 71.000000 62.573850 79.426150
522.000000 523.000000 524.000000 59.000000 51.318854 66.681146
524.000000 525.000000 526.000000 57.000000 49.450166 64.549834
526.000000 527.000000 528.000000 63.000000 55.062746 70.937254
528.000000 529.000000 530.000000 61.000000 53.189750 68.810250
530.000000 531.000000 532.000000 61.000000 53.189750 68.810250
532.000000 533.000000 534.000000 59.000000 51.318854 66.681146
534.000000 535.000000 536.000000 47.000000 40.144345 53.855655
536.000000 537.000000 538.000000 54.000000 46.651531 61.348469
538.000000 539.000000 540.000000 42.000000 35.519259 48.480741
540.000000 541.000000 542.000000 60.000000 52.254033 67.745967
542.000000 543.000000 544.000000 65.000000 56.937742 73.062258
544.000000 545.000000 546.000000 65.000000 56.937742 73.062258
546.000000 547.000000 548.000000 59.000000 51.318854 66.681146
548.000000 549.000000 550.000000 55.000000 47.583802 62.416198
550.000000 551.000000 552.000000 53.000000 45.719890 60.280110
552.000000 553.000000 554.000000 55.000000 47.583802 62.416198
554.000000 555.000000 556.000000 60.000000 52.254033 67.745967
556.000000 557.000000 558.000000 47.000000 40.144345 53.855655
558.000000 559.000000 560.000000 66.000000 57.875962 74.124038
560.000000 561.000000 562.000000 66.000000 57.875962 74.124038
562.000000 563.000000 564.000000 50.000000 42.928932 57.071068
564.000000 565.000000 566.000000 46.000000 39.217670 52.782330
566.000000 567.000000 568.000000 56.000000 48.516685 63.483315
568.000000 569.000000 570.000000 46.000000 39.217670 52.782330
570.000000 571.000000 572.000000 58.000000 50.384227 65.615773
572.000000 573.000000 574.000000 48.000000 41.071797 54.928203
574.000000 575.000000 576.000000 61.000000 53.189750 68.810250
576.000000 577.000000 578.000000 53.000000 45.719890 60.280110
578.000000 579.000000 580.000000 44.000000 37.366750 50.633250
580.000000 581.000000 582.000000 58.000000 50.384227 65.615773
582.000000 583.000000 584.000000 56.000000 48.516685 63.483315
584.000000 585.000000 586.000000 53.000000 45.719890 60.280110
586.000000 587.000000 588.000000 50.000000 42.928932 57.071068
588.000000 589.000000 590.000000 44.000000 37.366750 50.633250
590.000000 591.000000 592.000000 46.000000 39.217670 52.782330
592.000000 593.000000 594.000000 42.000000 35.519259 48.480741
594.000000 595.000000 596.000000 55.000000 47.583802 62.416198
596.000000 597.000000 598.000000 61.000000 53.189750 68.810250
598.000000 599.000000 600.000000 53.000000 45.719890 60.280110
600.000000 601.000000 602.000000 59.000000 51.318854 66.681146
602.000000 603.000000 604.000000 45.000000 38.291796 51.708204
604.000000 605.000000 606.000000 45.000000 38.291796 51.708204
606.000000 607.000000 608.000000 43.000000 36.442561 49.557439
608.000000 609.000000 610.000000 57.000000 49.450166 64.549834
610.000000 611.000000 612.000000 53.000000 45.719890 60.280110
612.000000 613.000000 614.000000 44.000000 37.366750 50.633250
614.000000 615.000000 616.000000 54.000000 46.651531 61.348469
616.000000 617.000000 618.000000 48.000000 41.071797 54.928203
618.000000 619.000000 620.000000 44.000000 37.366750 50.633250
620.000000 621.000000 622.000000 54.000000 46.651531 61.348469
622.000000 623.000000 624.000000 39.000000 32.755002 45.244998
624.000000 625.000000 626.000000 56.000000 48.516685 63.483315
626.000000 627.000000 628.000000 51.000000 43.858572 58.141428
628.000000 629.000000 630.000000 46.000000 39.217670 52.782330
630.000000 631.000000 632.000000 46.000000 39.217670 52.782330
632.000000 633.000000 634.000000 57.000000 49.450166 64.549834
634.000000 635.000000 636.000000 54.000000 46.651531 61.348469
636.000000 637.000000 638.000000 42.000000 35.519259 48.480741
638.000000 639.000000 640.000000 41.000000 34.596876 47.403124
640.000000 641.000000 642.000000 46.000000 39.217670 52.782330
642.000000 643.000000 644.000000 49.000000 42.000000 56.000000
644.000000 645.000000 646.000000 47.000000 40.144345 53.855655
646.000000 647.000000 648.000000 54.000000 46.651531 61.348469
648.000000 649.000000 650.000000 40.000000 33.675445 46.324555
650.000000 651.000000 652.000000 34.000000 28.169048 39.830952
652.000000 653.000000 654.000000 50.000000 42.928932 57.071068
654.000000 655.000000 656.000000 44.000000 37.366750 50.633250
656.000000 657.000000 658.000000 53.000000 45.719890 60.280110
658.000000 659.000000 660.000000 43.000000 36.442561 49.557439
660.000000 661.000000 662.000000 35.000000 29.083920 40.916080
662.000000 663.000000 664.000000 37.000000 30.917237 43.082763
664.000000 665.000000 666.000000 45.000000 38.291796 51.708204
666.000000 667.000000 668.000000 42.000000 35.519259 48.480741
668.000000 669.000000 670.000000 44.000000 37.366750 50.633250
670.000000 671.000000 672.000000 41.000000 34.596876 47.403124
672.000000 673.000000 674.000000 39.000000 32.755002 45.244998
674.000000 675.000000 676.000000 37.000000 30.917237 43.082763
676.000000 677.000000 678.000000 41.000000 34.596876 47.403124
678.000000 679.000000 680.000000 46.000000 39.217670 52.782330
680.000000 681.000000 682.000000 37.000000 30.917237 43.082763
682.000000 683.000000 684.000000 47.000000 40.144345 53.855655
684.000000 685.000000 686.000000 47.000000 40.144345 53.855655
686.000000 687.000000 688.000000 38.000000 31.835586 44.164414
688.000000 689.000000 690.000000 42.000000 35.519259 48.480741
690.000000 691.000000 692.000000 39.000000 32.755002 45.244998
692.000000 693.000000 694.000000 32.000000 26.343146 37.656854
694.000000 695.000000 696.000000 35.000000 29.083920 40.916080
696.000000 697.000000 698.000000 45.000000 38.291796 51.708204
698.000000 699.000000 700.000000 40.000000 33.675445 46.324555
700.000000 701.000000 702.000000 47.000000 40.144345 53.855655
702.000000 703.000000 704.000000 28.000000 22.708497 33.291503
704.000000 705.000000 706.000000 39.000000 32.755002 45.244998
706.000000 707.000000 708.000000 35.000000 29.083920 40.916080
708.000000 709.000000 710.000000 39.000000 32.755002 45.244998
710.000000 711.000000 712.000000 31.000000 25.432236 36.567764
712.000000 713.000000 714.000000 28.000000 22.708497 33.291503
714.000000 715.000000 716.000000 36.000000 30.000000 42.000000
716.000000 717.000000 718.000000 31.000000 25.432236 36.567764
718.000000 719.000000 720.000000 28.000000 22.708497 33.291503
720.000000 721.000000 722.000000 40.000000 33.675445 46.324555
722.000000 723.000000 724.000000 39.000000 32.755002 45.244998
724.000000 725.000000 726.000000 41.000000 34.596876 47.403124
726.000000 727.000000 728.000000 38.000000 31.835586 44.164414
728.000000 729.000000 730.000000 38.000000 31.835586 44.164414
730.000000 731.000000 732.000000 36.000000 30.000000 42.000000
732.000000 733.000000 734.000000 28.000000 22.708497 33.291503
734.000000 735.000000 736.000000 43.000000 36.442561 49.557439
736.000000 737.000000 738.000000 30.000000 24.522774 35.477226
738.000000 739.000000 740.000000 36.000000 30.000000 42.000000
740.000000 741.000000 742.000000 34.000000 28.169048 39.830952
742.000000 743.000000 744.000000 28.000000 22.708497 33.291503
744.000000 745.000000 746.000000 44.000000 37.366750 50.633250
746.000000 747.000000 748.000000 35.000000 29.083920 40.916080
748.000000 749.000000 750.000000 25.000000 20.000000 30.000000
750.000000 751.000000 752.000000 42.000000 35.519259 48.480741
752.000000 753.000000 754.000000 42.000000 35.519259 48.480741
754.000000 755.000000 756.000000 28.000000 22.708497 33.291503
756.000000 757.000000 758.000000 43.000000 36.442561 49.557439
758.000000 759.000000 760.000000 31.000000 25.432236 36.567764
760.000000 761.000000 762.000000 38.000000 31.835586 44.164414
762.000000 763.000000 764.000000 33.000000 27.255437 38.744563
764.000000 765.000000 766.000000 42.000000 35.519259 48.480741
766.000000 767.000000 768.000000 33.000000 27.255437 38.744563
768.000000 769.000000 770.000000 30.000000 24.522774 35.477226
770.000000 771.000000 772.000000 27.000000 21.803848 32.196152
772.000000 773.000000 774.000000 29.000000 23.614835 34.385165
774.000000 775.000000 776.000000 30.000000 24.522774 35.477226
776.000000 777.000000 778.000000 25.000000 20.000000 30.000000
778.000000 779.000000 780.000000 29.000000 23.614835 34.385165
780.000000 781.000000 782.000000 25.000000 20.000000 30.000000
782.000000 783.000000 784.000000 27.000000 21.803848 32.196152
784.000000 785.000000 786.000000 34.000000 28.169048 39.830952
786.000000 787.000000 788.000000 27.000000 21.803848 32.196152
788.000000 789.000000 790.000000 34.000000 28.169048 39.830952
790.000000 791.000000 792.000000 46.000000 39.217670 52.782330
792.000000 793.000000 794.000000 32.000000 26.343146 37.656854
794.000000 795.000000 796.000000 38.000000 31.835586 44.164414
796.000000 797.000000 798.000000 31.000000 25.432236 36.567764
798.000000 799.000000 800.000000 30.000000 24.522774 35.477226
800.000000 801.000000 802.000000 29.000000 23.614835 34.385165
802.000000 803.000000 804.000000 22.000000 17.309584 26.690416
804.000000 805.000000 806.000000 23.000000 18.204168 27.795832
806.000000 807.000000 808.000000 28.000000 22.708497 33.291503
808.000000 809.000000 810.000000 30.000000 24.522774 35.477226
810.000000 811.000000 812.000000 19.000000 14.641101 23.358899
812.000000 813.000000 814.000000 24.000000 19.101021 28.898979
814.000000 815.000000 816.000000 33.000000 27.255437 38.744563
816.000000 817.000000 818.000000 27.000000 21.803848 32.196152
818.000000 819.000000 820.000000 30.000000 24.522774 35.477226
820.000000 821.000000 822.000000 27.000000 21.803848 32.196152
822.000000 823.000000 824.000000 18.000000 13.757359 22.242641
824.000000 825.000000 826.000000 15.000000 11.127017 18.872983
826.000000 827.000000 828.000000 25.000000 20.000000 30.000000
828.000000 829.000000 830.000000 22.000000 17.309584 26.690416
830.000000 831.000000 832.000000 23.000000 18.204168 27.795832
832.000000 833.000000 834.000000 28.000000 22.708497 33.291503
834.000000 835.000000 836.000000 35.000000 29.083920 40.916080
836.000000 837.000000 838.000000 19.000000 14.641101 23.358899
838.000000 839.000000 840.000000 30.000000 24.522774 35.477226
840.000000 841.000000 842.000000 27.000000 21.803848 32.196152
842.000000 843.000000 844.000000 32.000000 26.343146 37.656854
844.000000 845.000000 846.000000 28.000000 22.708497 33.291503
846.000000 847.000000 848.000000 24.000000 19.101021 28.898979
848.000000 849.000000 850.000000 28.000000 22.708497 33.291503
850.000000 851.000000 852.000000 30.000000 24.522774 35.477226
852.000000 853.000000 854.000000 28.000000 22.708497 33.291503
854.000000 855.000000 856.000000 24.000000 19.101021 28.898979
856.000000 857.000000 858.000000 25.000000 20.000000 30.000000
858.000000 859.000000 860.000000 21.000000 16.417424 25.582576
860.000000 861.000000 862.000000 27.000000 21.803848 32.196152
862.000000 863.000000 864.000000 24.000000 19.101021 28.898979
864.000000 865.000000 866.000000 23.000000 18.204168 27.795832
866.000000 867.000000 868.000000 26.000000 20.900980 31.099020
868.000000 869.000000 870.000000 20.000000 15.527864 24.472136
870.000000 871.000000 872.000000 21.000000 16.417424 25.582576
872.000000 873.000000 874.000000 33.000000 27.255437 38.744563
874.000000 875.000000 876.000000 26.000000 20.900980 31.099020
876.000000 877.000000 878.000000 20.000000 15.527864 24.472136
878.000000 879.000000 880.000000 18.000000 13.757359 22.242641
880.000000 881.000000 882.000000 32.000000 26.343146 37.656854
882.000000 883.000000 884.000000 27.000000 21.803848 32.196152
884.000000 885.000000 886.000000 29.000000 23.614835 34.385165
886.000000 887.000000 888.000000 27.000000 21.803848 32.196152
888.000000 889.000000 890.000000 26.000000 20.900980 31.099020
890.000000 891.000000 892.000000 27.000000 21.803848 32.196152
892.000000 893.000000 894.000000 22.000000 17.309584 26.690416
894.000000 895.000000 896.000000 23.000000 18.204168 27.795832
896.000000 897.000000 898.000000 18.000000 13.757359 22.242641
898.000000 899.000000 900.000000 35.000000 29.083920 40.916080
900.000000 901.000000 902.000000 31.000000 25.432236 36.567764
902.000000 903.000000 904.000000 19.000000 14.641101 23.358899
904.000000 905.000000 906.000000 34.000000 28.169048 39.830952
906.000000 907.000000 908.000000 27.000000 21.803848 32.196152
908.000000 909.000000 910.000000 27.000000 21.803848 32.196152
910.000000 911.000000 912.000000 26.000000 20.900980 31.099020
912.000000 913.000000 914.000000 32.000000 26.343146 37.656854
914.000000 915.000000 916.000000 27.000000 21.803848 32.196152
916.000000 917.000000 918.000000 21.000000 16.417424 25.582576
918.000000 919.000000 920.000000 17.000000 12.876894 21.123106
920.000000 921.000000 922.000000 23.000000 18.204168 27.795832
922.000000 923.000000 924.000000 20.000000 15.527864 24.472136
924.000000 925.000000 926.000000 20.000000 15.527864 24.472136
926.000000 927.000000 928.000000 27.000000 21.803848 32.196152
928.000000 929.000000 930.000000 17.000000 12.876894 21.123106
930.000000 931.000000 932.000000 23.000000 18.204168 27.795832
932.000000 933.000000 934.000000 28.000000 22.708497 33.291503
934.000000 935.000000 936.000000 34.000000 28.169048 39.830952
936.000000 937.000000 938.000000 21.000000 16.417424 25.582576
938.000000 939.000000 940.000000 22.000000 17.309584 26.690416
940.000000 941.000000 942.000000 13.000000 9.394449 16.605551
942.000000 943.000000 944.000000 23.000000 18.204168 27.795832
944.000000 945.000000 946.000000 26.000000 20.900980 31.099020
946.000000 947.000000 948.000000 18.000000 13.757359 22.242641
948.000000 949.000000 950.000000 20.000000 15.527864 24.472136
950.000000 951.000000 952.000000 17.000000 12.876894 21.123106
952.000000 953.000000 954.000000 18.000000 13.757359 22.242641
954.000000 955.000000 956.000000 21.000000 16.417424 25.582576
956.000000 957.000000 958.000000 19.000000 14.641101 23.358899
958.000000 959.000000 960.000000 18.000000 13.757359 22.242641
960.000000 961.000000 962.000000 24.000000 19.101021 28.898979
962.000000 963.000000 964.000000 21.000000 16.417424 25.582576
964.000000 965.000000 966.000000 22.000000 17.309584 26.690416
966.000000 967.000000 968.000000 29.000000 23.614835 34.385165
968.000000 969.000000 970.000000 20.000000 15.527864 24.472136
970.000000 971.000000 972.000000 19.000000 14.641101 23.358899
972.000000 973.000000 974.000000 18.000000 13.757359 22.242641
974.000000 975.000000 976.000000 18.000000 13.757359 22.242641
976.000000 977.000000 978.000000 27.000000 21.803848 32.196152
978.000000 979.000000 980.000000 12.000000 8.535898 15.464102
980.000000 981.000000 982.000000 24.000000 19.101021 28.898979
982.000000 983.000000 984.000000 17.000000 12.876894 21.123106
984.000000 985.000000 986.000000 21.000000 16.417424 25.582576
986.000000 987.000000 988.000000 16.000000 12.000000 20.000000
988.000000 989.000000 990.000000 31.000000 25.432236 36.567764
990.000000 991.000000 992.000000 14.000000 10.258343 17.741657
992.000000 993.000000 994.000000 16.000000 12.000000 20.000000
994.000000 995.000000 996.000000 15.000000 11.127017 18.872983
996.000000 997.000000 998.000000 21.000000 16.417424 25.582576
