19126 19137
19151 19153
19157 19198
19201 19229
19231 19238
19244 19252
19254 19257
19259 19259
19261 19261
19263 19264
19266 19266
19274 19350
19352 19403
19424 19453
19455 19509
19513 19514
19528 19529
19531 19532
19557 19597
19600 19608
19610 19623
19625 19676
19678 19687
19689 19695
19697 19720
19722 19779
19782 19805
19807 19811
19813 19815
19817 19822
19824 19834
19836 19840
19842 19843
19845 19850
19863 19923
19925 19945
19948 19958
19963 20016
20035 20035
20038 20059
20061 20097
20111 20223
