9 -10.443119
10 -13.183944
11 -8.885156
12 -10.551813
13 -8.793146
14 -9.787334
15 -12.422888
16 -11.538765
25 18.89
26 19.730312
27 19.958876
28 18.209381
29 16.459679
30 15.460493
31 16.260521
32 15.909320
41 47.861899
42 49.99
43 48.705020
44 48.049269
45 48.292576
46 47.423503
47 46.423476
48 49.459178
49 76.876347
50 75.264183
51 77.62
52 78.423585
53 78.730192
54 77.465357
55 72.511085
56 77.435854
57 76.117238
58 74.804880
59 75.474020
60 76.46
61 75.780433
62 76.384469
63 73.541232
64 71.695270
65 105.192753
66 100.972553
67 104.133393
68 107.252895
69 101.85
70 103.236452
71 105.661951
72 105.507054
73 105.507735
74 105.651455
75 105.769875
76 105.637958
77 106.564691
78 107.56
