1 0.000000
2 0.000000
3 0.000000
4 0.000000
5 0.000000
6 0.000000
7 0.000000
8 0.000000
9 0.000000
10 0.000000
11 0.000000
12 0.000000
13 0.000000
14 0.000000
15 0.000000
16 0.000000
17 -144.000000
18 -144.000000
19 -144.000000
20 -144.000000
21 -144.000000
22 -144.000000
23 -144.000000
24 -144.000000
25 -144.000000
26 -144.000000
27 -144.000000
28 -144.000000
29 -144.000000
30 -144.000000
31 -144.000000
32 -144.000000
33 -176.000000
34 -176.000000
35 -176.000000
36 -176.000000
37 -176.000000
38 -176.000000
39 -176.000000
40 -176.000000
41 -176.000000
42 -176.000000
43 -176.000000
44 -176.000000
45 -176.000000
46 -176.000000
47 -176.000000
48 -176.000000
