1 0.000000
2 0.000000
3 0.000000
4 0.000000
5 0.000000
6 0.000000
7 0.000000
8 0.000000
9 0.000000
10 0.000000
11 0.000000
12 0.000000
13 0.000000
14 0.000000
15 0.000000
16 0.000000
17 -496.000000
18 -496.000000
19 -496.000000
20 -496.000000
21 -496.000000
22 -496.000000
23 -496.000000
24 -496.000000
25 -496.000000
26 -496.000000
27 -496.000000
28 -496.000000
29 -496.000000
30 -496.000000
31 -496.000000
32 -496.000000
33 -184.000000
34 -184.000000
35 -184.000000
36 -184.000000
37 -184.000000
38 -184.000000
39 -184.000000
40 -184.000000
41 -184.000000
42 -184.000000
43 -184.000000
44 -184.000000
45 -184.000000
46 -184.000000
47 -184.000000
48 -184.000000
