1 0.000000
2 0.000000
3 0.000000
4 0.000000
5 0.000000
6 0.000000
7 0.000000
8 0.000000
9 0.000000
10 0.000000
11 0.000000
12 0.000000
13 0.000000
14 0.000000
15 0.000000
16 0.000000
17 72.000000
18 72.000000
19 72.000000
20 72.000000
21 72.000000
22 72.000000
23 72.000000
24 72.000000
25 72.000000
26 72.000000
27 72.000000
28 72.000000
29 72.000000
30 72.000000
31 72.000000
32 72.000000
33 -80.000000
34 -80.000000
35 -80.000000
36 -80.000000
37 -80.000000
38 -80.000000
39 -80.000000
40 -80.000000
41 -80.000000
42 -80.000000
43 -80.000000
44 -80.000000
45 -80.000000
46 -80.000000
47 -80.000000
48 -80.000000
