1 0.000000
2 0.000000
3 0.000000
4 0.000000
5 0.000000
6 0.000000
7 0.000000
8 0.000000
9 0.000000
10 0.000000
11 0.000000
12 0.000000
13 0.000000
14 0.000000
15 0.000000
16 0.000000
17 704.000000
18 704.000000
19 704.000000
20 704.000000
21 704.000000
22 704.000000
23 704.000000
24 704.000000
25 704.000000
26 704.000000
27 704.000000
28 704.000000
29 704.000000
30 704.000000
31 704.000000
32 704.000000
33 792.000000
34 792.000000
35 792.000000
36 792.000000
37 792.000000
38 792.000000
39 792.000000
40 792.000000
41 792.000000
42 792.000000
43 792.000000
44 792.000000
45 792.000000
46 792.000000
47 792.000000
48 792.000000
