1 0.000000
2 0.000000
3 0.000000
4 0.000000
5 0.000000
6 0.000000
7 0.000000
8 0.000000
9 0.000000
10 0.000000
11 0.000000
12 0.000000
13 0.000000
14 0.000000
15 0.000000
16 0.000000
17 -552.000000
18 -552.000000
19 -552.000000
20 -552.000000
21 -552.000000
22 -552.000000
23 -552.000000
24 -552.000000
25 -552.000000
26 -552.000000
27 -552.000000
28 -552.000000
29 -552.000000
30 -552.000000
31 -552.000000
32 -552.000000
33 -272.000000
34 -272.000000
35 -272.000000
36 -272.000000
37 -272.000000
38 -272.000000
39 -272.000000
40 -272.000000
41 -272.000000
42 -272.000000
43 -272.000000
44 -272.000000
45 -272.000000
46 -272.000000
47 -272.000000
48 -272.000000
