1 0.000000
2 0.000000
3 0.000000
4 0.000000
5 0.000000
6 0.000000
7 0.000000
8 0.000000
9 0.000000
10 0.000000
11 0.000000
12 0.000000
13 0.000000
14 0.000000
15 0.000000
16 0.000000
17 424.000000
18 424.000000
19 424.000000
20 424.000000
21 424.000000
22 424.000000
23 424.000000
24 424.000000
25 424.000000
26 424.000000
27 424.000000
28 424.000000
29 424.000000
30 424.000000
31 424.000000
32 424.000000
33 720.000000
34 720.000000
35 720.000000
36 720.000000
37 720.000000
38 720.000000
39 720.000000
40 720.000000
41 720.000000
42 720.000000
43 720.000000
44 720.000000
45 720.000000
46 720.000000
47 720.000000
48 720.000000
