1 0.000000
2 0.000000
3 0.000000
4 0.000000
5 0.000000
6 0.000000
7 0.000000
8 0.000000
9 0.000000
10 0.000000
11 0.000000
12 0.000000
13 0.000000
14 0.000000
15 0.000000
16 0.000000
17 -344.000000
18 -344.000000
19 -344.000000
20 -344.000000
21 -344.000000
22 -344.000000
23 -344.000000
24 -344.000000
25 -344.000000
26 -344.000000
27 -344.000000
28 -344.000000
29 -344.000000
30 -344.000000
31 -344.000000
32 -344.000000
33 24.000000
34 24.000000
35 24.000000
36 24.000000
37 24.000000
38 24.000000
39 24.000000
40 24.000000
41 24.000000
42 24.000000
43 24.000000
44 24.000000
45 24.000000
46 24.000000
47 24.000000
48 24.000000
