1 0.000000
2 0.000000
3 0.000000
4 0.000000
5 0.000000
6 0.000000
7 0.000000
8 0.000000
9 0.000000
10 0.000000
11 0.000000
12 0.000000
13 0.000000
14 0.000000
15 0.000000
16 0.000000
17 48.000000
18 48.000000
19 48.000000
20 48.000000
21 48.000000
22 48.000000
23 48.000000
24 48.000000
25 48.000000
26 48.000000
27 48.000000
28 48.000000
29 48.000000
30 48.000000
31 48.000000
32 48.000000
33 288.000000
34 288.000000
35 288.000000
36 288.000000
37 288.000000
38 288.000000
39 288.000000
40 288.000000
41 288.000000
42 288.000000
43 288.000000
44 288.000000
45 288.000000
46 288.000000
47 288.000000
48 288.000000
