1 0.000000
2 0.000000
3 0.000000
4 0.000000
5 0.000000
6 0.000000
7 0.000000
8 0.000000
9 0.000000
10 0.000000
11 0.000000
12 0.000000
13 0.000000
14 0.000000
15 0.000000
16 0.000000
17 904.000000
18 904.000000
19 904.000000
20 904.000000
21 904.000000
22 904.000000
23 904.000000
24 904.000000
25 904.000000
26 904.000000
27 904.000000
28 904.000000
29 904.000000
30 904.000000
31 904.000000
32 904.000000
33 880.000000
34 880.000000
35 880.000000
36 880.000000
37 880.000000
38 880.000000
39 880.000000
40 880.000000
41 880.000000
42 880.000000
43 880.000000
44 880.000000
45 880.000000
46 880.000000
47 880.000000
48 880.000000
