1 0.000000
2 0.000000
3 0.000000
4 0.000000
5 0.000000
6 0.000000
7 0.000000
8 0.000000
9 0.000000
10 0.000000
11 0.000000
12 0.000000
13 0.000000
14 0.000000
15 0.000000
16 0.000000
17 128.000000
18 128.000000
19 128.000000
20 128.000000
21 128.000000
22 128.000000
23 128.000000
24 128.000000
25 128.000000
26 128.000000
27 128.000000
28 128.000000
29 128.000000
30 128.000000
31 128.000000
32 128.000000
33 48.000000
34 48.000000
35 48.000000
36 48.000000
37 48.000000
38 48.000000
39 48.000000
40 48.000000
41 48.000000
42 48.000000
43 48.000000
44 48.000000
45 48.000000
46 48.000000
47 48.000000
48 48.000000
