1 0.000000
2 0.000000
3 0.000000
4 0.000000
5 0.000000
6 0.000000
7 0.000000
8 0.000000
9 0.000000
10 0.000000
11 0.000000
12 0.000000
13 0.000000
14 0.000000
15 0.000000
16 0.000000
17 112.000000
18 112.000000
19 112.000000
20 112.000000
21 112.000000
22 112.000000
23 112.000000
24 112.000000
25 112.000000
26 112.000000
27 112.000000
28 112.000000
29 112.000000
30 112.000000
31 112.000000
32 112.000000
33 200.000000
34 200.000000
35 200.000000
36 200.000000
37 200.000000
38 200.000000
39 200.000000
40 200.000000
41 200.000000
42 200.000000
43 200.000000
44 200.000000
45 200.000000
46 200.000000
47 200.000000
48 200.000000
