1 0.000000
2 0.000000
3 0.000000
4 0.000000
5 0.000000
6 0.000000
7 0.000000
8 0.000000
9 0.000000
10 0.000000
11 0.000000
12 0.000000
13 0.000000
14 0.000000
15 0.000000
16 0.000000
17 224.000000
18 224.000000
19 224.000000
20 224.000000
21 224.000000
22 224.000000
23 224.000000
24 224.000000
25 224.000000
26 224.000000
27 224.000000
28 224.000000
29 224.000000
30 224.000000
31 224.000000
32 224.000000
33 16.000000
34 16.000000
35 16.000000
36 16.000000
37 16.000000
38 16.000000
39 16.000000
40 16.000000
41 16.000000
42 16.000000
43 16.000000
44 16.000000
45 16.000000
46 16.000000
47 16.000000
48 16.000000
