1 0.000000
2 0.000000
3 0.000000
4 0.000000
5 0.000000
6 0.000000
7 0.000000
8 0.000000
9 0.000000
10 0.000000
11 0.000000
12 0.000000
13 0.000000
14 0.000000
15 0.000000
16 0.000000
17 -152.000000
18 -152.000000
19 -152.000000
20 -152.000000
21 -152.000000
22 -152.000000
23 -152.000000
24 -152.000000
25 -152.000000
26 -152.000000
27 -152.000000
28 -152.000000
29 -152.000000
30 -152.000000
31 -152.000000
32 -152.000000
33 40.000000
34 40.000000
35 40.000000
36 40.000000
37 40.000000
38 40.000000
39 40.000000
40 40.000000
41 40.000000
42 40.000000
43 40.000000
44 40.000000
45 40.000000
46 40.000000
47 40.000000
48 40.000000
