1 0.000000
2 0.000000
3 0.000000
4 0.000000
5 0.000000
6 0.000000
7 0.000000
8 0.000000
9 0.000000
10 0.000000
11 0.000000
12 0.000000
13 0.000000
14 0.000000
15 0.000000
16 0.000000
17 -232.000000
18 -232.000000
19 -232.000000
20 -232.000000
21 -232.000000
22 -232.000000
23 -232.000000
24 -232.000000
25 -232.000000
26 -232.000000
27 -232.000000
28 -232.000000
29 -232.000000
30 -232.000000
31 -232.000000
32 -232.000000
33 144.000000
34 144.000000
35 144.000000
36 144.000000
37 144.000000
38 144.000000
39 144.000000
40 144.000000
41 144.000000
42 144.000000
43 144.000000
44 144.000000
45 144.000000
46 144.000000
47 144.000000
48 144.000000
