1 0.000000
2 0.000000
3 0.000000
4 0.000000
5 0.000000
6 0.000000
7 0.000000
8 0.000000
9 0.000000
10 0.000000
11 0.000000
12 0.000000
13 0.000000
14 0.000000
15 0.000000
16 0.000000
17 -248.000000
18 -248.000000
19 -248.000000
20 -248.000000
21 -248.000000
22 -248.000000
23 -248.000000
24 -248.000000
25 -248.000000
26 -248.000000
27 -248.000000
28 -248.000000
29 -248.000000
30 -248.000000
31 -248.000000
32 -248.000000
33 -480.000000
34 -480.000000
35 -480.000000
36 -480.000000
37 -480.000000
38 -480.000000
39 -480.000000
40 -480.000000
41 -480.000000
42 -480.000000
43 -480.000000
44 -480.000000
45 -480.000000
46 -480.000000
47 -480.000000
48 -480.000000
