1 0.000000
2 0.000000
3 0.000000
4 0.000000
5 0.000000
6 0.000000
7 0.000000
8 0.000000
9 0.000000
10 0.000000
11 0.000000
12 0.000000
13 0.000000
14 0.000000
15 0.000000
16 0.000000
17 -8.000000
18 -8.000000
19 -8.000000
20 -8.000000
21 -8.000000
22 -8.000000
23 -8.000000
24 -8.000000
25 -8.000000
26 -8.000000
27 -8.000000
28 -8.000000
29 -8.000000
30 -8.000000
31 -8.000000
32 -8.000000
33 -312.000000
34 -312.000000
35 -312.000000
36 -312.000000
37 -312.000000
38 -312.000000
39 -312.000000
40 -312.000000
41 -312.000000
42 -312.000000
43 -312.000000
44 -312.000000
45 -312.000000
46 -312.000000
47 -312.000000
48 -312.000000
