1 0.000000
2 0.000000
3 0.000000
4 0.000000
5 0.000000
6 0.000000
7 0.000000
8 0.000000
9 0.000000
10 0.000000
11 0.000000
12 0.000000
13 0.000000
14 0.000000
15 0.000000
16 0.000000
17 256.000000
18 256.000000
19 256.000000
20 256.000000
21 256.000000
22 256.000000
23 256.000000
24 256.000000
25 256.000000
26 256.000000
27 256.000000
28 256.000000
29 256.000000
30 256.000000
31 256.000000
32 256.000000
33 368.000000
34 368.000000
35 368.000000
36 368.000000
37 368.000000
38 368.000000
39 368.000000
40 368.000000
41 368.000000
42 368.000000
43 368.000000
44 368.000000
45 368.000000
46 368.000000
47 368.000000
48 368.000000
