1 0.000000
2 0.000000
3 0.000000
4 0.000000
5 0.000000
6 0.000000
7 0.000000
8 0.000000
9 0.000000
10 0.000000
11 0.000000
12 0.000000
13 0.000000
14 0.000000
15 0.000000
16 0.000000
17 -120.000000
18 -120.000000
19 -120.000000
20 -120.000000
21 -120.000000
22 -120.000000
23 -120.000000
24 -120.000000
25 -120.000000
26 -120.000000
27 -120.000000
28 -120.000000
29 -120.000000
30 -120.000000
31 -120.000000
32 -120.000000
33 -224.000000
34 -224.000000
35 -224.000000
36 -224.000000
37 -224.000000
38 -224.000000
39 -224.000000
40 -224.000000
41 -224.000000
42 -224.000000
43 -224.000000
44 -224.000000
45 -224.000000
46 -224.000000
47 -224.000000
48 -224.000000
