1 0.000000
2 0.000000
3 0.000000
4 0.000000
5 0.000000
6 0.000000
7 0.000000
8 0.000000
9 0.000000
10 0.000000
11 0.000000
12 0.000000
13 0.000000
14 0.000000
15 0.000000
16 0.000000
17 -272.000000
18 -272.000000
19 -272.000000
20 -272.000000
21 -272.000000
22 -272.000000
23 -272.000000
24 -272.000000
25 -272.000000
26 -272.000000
27 -272.000000
28 -272.000000
29 -272.000000
30 -272.000000
31 -272.000000
32 -272.000000
33 72.000000
34 72.000000
35 72.000000
36 72.000000
37 72.000000
38 72.000000
39 72.000000
40 72.000000
41 72.000000
42 72.000000
43 72.000000
44 72.000000
45 72.000000
46 72.000000
47 72.000000
48 72.000000
