1 0.000000
2 0.000000
3 0.000000
4 0.000000
5 0.000000
6 0.000000
7 0.000000
8 0.000000
9 0.000000
10 0.000000
11 0.000000
12 0.000000
13 0.000000
14 0.000000
15 0.000000
16 0.000000
17 360.000000
18 360.000000
19 360.000000
20 360.000000
21 360.000000
22 360.000000
23 360.000000
24 360.000000
25 360.000000
26 360.000000
27 360.000000
28 360.000000
29 360.000000
30 360.000000
31 360.000000
32 360.000000
33 296.000000
34 296.000000
35 296.000000
36 296.000000
37 296.000000
38 296.000000
39 296.000000
40 296.000000
41 296.000000
42 296.000000
43 296.000000
44 296.000000
45 296.000000
46 296.000000
47 296.000000
48 296.000000
