1 0.000000
2 0.000000
3 0.000000
4 0.000000
5 0.000000
6 0.000000
7 0.000000
8 0.000000
9 0.000000
10 0.000000
11 0.000000
12 0.000000
13 0.000000
14 0.000000
15 0.000000
16 0.000000
17 -400.000000
18 -400.000000
19 -400.000000
20 -400.000000
21 -400.000000
22 -400.000000
23 -400.000000
24 -400.000000
25 -400.000000
26 -400.000000
27 -400.000000
28 -400.000000
29 -400.000000
30 -400.000000
31 -400.000000
32 -400.000000
33 -88.000000
34 -88.000000
35 -88.000000
36 -88.000000
37 -88.000000
38 -88.000000
39 -88.000000
40 -88.000000
41 -88.000000
42 -88.000000
43 -88.000000
44 -88.000000
45 -88.000000
46 -88.000000
47 -88.000000
48 -88.000000
