1 0.000000
2 0.000000
3 0.000000
4 0.000000
5 0.000000
6 0.000000
7 0.000000
8 0.000000
9 0.000000
10 0.000000
11 0.000000
12 0.000000
13 0.000000
14 0.000000
15 0.000000
16 0.000000
17 168.000000
18 168.000000
19 168.000000
20 168.000000
21 168.000000
22 168.000000
23 168.000000
24 168.000000
25 168.000000
26 168.000000
27 168.000000
28 168.000000
29 168.000000
30 168.000000
31 168.000000
32 168.000000
33 -440.000000
34 -440.000000
35 -440.000000
36 -440.000000
37 -440.000000
38 -440.000000
39 -440.000000
40 -440.000000
41 -440.000000
42 -440.000000
43 -440.000000
44 -440.000000
45 -440.000000
46 -440.000000
47 -440.000000
48 -440.000000
