1 0.000000
2 0.000000
3 0.000000
4 0.000000
5 0.000000
6 0.000000
7 0.000000
8 0.000000
9 0.000000
10 0.000000
11 0.000000
12 0.000000
13 0.000000
14 0.000000
15 0.000000
16 0.000000
17 192.000000
18 192.000000
19 192.000000
20 192.000000
21 192.000000
22 192.000000
23 192.000000
24 192.000000
25 192.000000
26 192.000000
27 192.000000
28 192.000000
29 192.000000
30 192.000000
31 192.000000
32 192.000000
33 560.000000
34 560.000000
35 560.000000
36 560.000000
37 560.000000
38 560.000000
39 560.000000
40 560.000000
41 560.000000
42 560.000000
43 560.000000
44 560.000000
45 560.000000
46 560.000000
47 560.000000
48 560.000000
