1 0.000000
2 0.000000
3 0.000000
4 0.000000
5 0.000000
6 0.000000
7 0.000000
8 0.000000
9 0.000000
10 0.000000
11 0.000000
12 0.000000
13 0.000000
14 0.000000
15 0.000000
16 0.000000
17 512.000000
18 512.000000
19 512.000000
20 512.000000
21 512.000000
22 512.000000
23 512.000000
24 512.000000
25 512.000000
26 512.000000
27 512.000000
28 512.000000
29 512.000000
30 512.000000
31 512.000000
32 512.000000
33 592.000000
34 592.000000
35 592.000000
36 592.000000
37 592.000000
38 592.000000
39 592.000000
40 592.000000
41 592.000000
42 592.000000
43 592.000000
44 592.000000
45 592.000000
46 592.000000
47 592.000000
48 592.000000
