1 0.000000
2 0.000000
3 0.000000
4 0.000000
5 0.000000
6 0.000000
7 0.000000
8 0.000000
9 0.000000
10 0.000000
11 0.000000
12 0.000000
13 0.000000
14 0.000000
15 0.000000
16 0.000000
17 -40.000000
18 -40.000000
19 -40.000000
20 -40.000000
21 -40.000000
22 -40.000000
23 -40.000000
24 -40.000000
25 -40.000000
26 -40.000000
27 -40.000000
28 -40.000000
29 -40.000000
30 -40.000000
31 -40.000000
32 -40.000000
33 -456.000000
34 -456.000000
35 -456.000000
36 -456.000000
37 -456.000000
38 -456.000000
39 -456.000000
40 -456.000000
41 -456.000000
42 -456.000000
43 -456.000000
44 -456.000000
45 -456.000000
46 -456.000000
47 -456.000000
48 -456.000000
