1 0.000000
2 0.000000
3 0.000000
4 0.000000
5 0.000000
6 0.000000
7 0.000000
8 0.000000
9 0.000000
10 0.000000
11 0.000000
12 0.000000
13 0.000000
14 0.000000
15 0.000000
16 0.000000
17 448.000000
18 448.000000
19 448.000000
20 448.000000
21 448.000000
22 448.000000
23 448.000000
24 448.000000
25 448.000000
26 448.000000
27 448.000000
28 448.000000
29 448.000000
30 448.000000
31 448.000000
32 448.000000
33 544.000000
34 544.000000
35 544.000000
36 544.000000
37 544.000000
38 544.000000
39 544.000000
40 544.000000
41 544.000000
42 544.000000
43 544.000000
44 544.000000
45 544.000000
46 544.000000
47 544.000000
48 544.000000
