1 0.000000
2 0.000000
3 0.000000
4 0.000000
5 0.000000
6 0.000000
7 0.000000
8 0.000000
9 0.000000
10 0.000000
11 0.000000
12 0.000000
13 0.000000
14 0.000000
15 0.000000
16 0.000000
17 64.000000
18 64.000000
19 64.000000
20 64.000000
21 64.000000
22 64.000000
23 64.000000
24 64.000000
25 64.000000
26 64.000000
27 64.000000
28 64.000000
29 64.000000
30 64.000000
31 64.000000
32 64.000000
33 -600.000000
34 -600.000000
35 -600.000000
36 -600.000000
37 -600.000000
38 -600.000000
39 -600.000000
40 -600.000000
41 -600.000000
42 -600.000000
43 -600.000000
44 -600.000000
45 -600.000000
46 -600.000000
47 -600.000000
48 -600.000000
