1 0.000000
2 0.000000
3 0.000000
4 0.000000
5 0.000000
6 0.000000
7 0.000000
8 0.000000
9 0.000000
10 0.000000
11 0.000000
12 0.000000
13 0.000000
14 0.000000
15 0.000000
16 0.000000
17 -592.000000
18 -592.000000
19 -592.000000
20 -592.000000
21 -592.000000
22 -592.000000
23 -592.000000
24 -592.000000
25 -592.000000
26 -592.000000
27 -592.000000
28 -592.000000
29 -592.000000
30 -592.000000
31 -592.000000
32 -592.000000
33 312.000000
34 312.000000
35 312.000000
36 312.000000
37 312.000000
38 312.000000
39 312.000000
40 312.000000
41 312.000000
42 312.000000
43 312.000000
44 312.000000
45 312.000000
46 312.000000
47 312.000000
48 312.000000
