1 0.000000
2 0.000000
3 0.000000
4 0.000000
5 0.000000
6 0.000000
7 0.000000
8 0.000000
9 0.000000
10 0.000000
11 0.000000
12 0.000000
13 0.000000
14 0.000000
15 0.000000
16 0.000000
17 -408.000000
18 -408.000000
19 -408.000000
20 -408.000000
21 -408.000000
22 -408.000000
23 -408.000000
24 -408.000000
25 -408.000000
26 -408.000000
27 -408.000000
28 -408.000000
29 -408.000000
30 -408.000000
31 -408.000000
32 -408.000000
33 152.000000
34 152.000000
35 152.000000
36 152.000000
37 152.000000
38 152.000000
39 152.000000
40 152.000000
41 152.000000
42 152.000000
43 152.000000
44 152.000000
45 152.000000
46 152.000000
47 152.000000
48 152.000000
