1 0.000000
2 0.000000
3 0.000000
4 0.000000
5 0.000000
6 0.000000
7 0.000000
8 0.000000
9 0.000000
10 0.000000
11 0.000000
12 0.000000
13 0.000000
14 0.000000
15 0.000000
16 0.000000
17 32.000000
18 32.000000
19 32.000000
20 32.000000
21 32.000000
22 32.000000
23 32.000000
24 32.000000
25 32.000000
26 32.000000
27 32.000000
28 32.000000
29 32.000000
30 32.000000
31 32.000000
32 32.000000
33 408.000000
34 408.000000
35 408.000000
36 408.000000
37 408.000000
38 408.000000
39 408.000000
40 408.000000
41 408.000000
42 408.000000
43 408.000000
44 408.000000
45 408.000000
46 408.000000
47 408.000000
48 408.000000
