1 0.000000
2 0.000000
3 0.000000
4 0.000000
5 0.000000
6 0.000000
7 0.000000
8 0.000000
9 0.000000
10 0.000000
11 0.000000
12 0.000000
13 0.000000
14 0.000000
15 0.000000
16 0.000000
17 -208.000000
18 -208.000000
19 -208.000000
20 -208.000000
21 -208.000000
22 -208.000000
23 -208.000000
24 -208.000000
25 -208.000000
26 -208.000000
27 -208.000000
28 -208.000000
29 -208.000000
30 -208.000000
31 -208.000000
32 -208.000000
33 184.000000
34 184.000000
35 184.000000
36 184.000000
37 184.000000
38 184.000000
39 184.000000
40 184.000000
41 184.000000
42 184.000000
43 184.000000
44 184.000000
45 184.000000
46 184.000000
47 184.000000
48 184.000000
