1 0.000000
2 0.000000
3 0.000000
4 0.000000
5 0.000000
6 0.000000
7 0.000000
8 0.000000
9 0.000000
10 0.000000
11 0.000000
12 0.000000
13 0.000000
14 0.000000
15 0.000000
16 0.000000
17 -168.000000
18 -168.000000
19 -168.000000
20 -168.000000
21 -168.000000
22 -168.000000
23 -168.000000
24 -168.000000
25 -168.000000
26 -168.000000
27 -168.000000
28 -168.000000
29 -168.000000
30 -168.000000
31 -168.000000
32 -168.000000
33 56.000000
34 56.000000
35 56.000000
36 56.000000
37 56.000000
38 56.000000
39 56.000000
40 56.000000
41 56.000000
42 56.000000
43 56.000000
44 56.000000
45 56.000000
46 56.000000
47 56.000000
48 56.000000
49 96.000000
50 96.000000
51 96.000000
52 96.000000
53 96.000000
54 96.000000
55 96.000000
56 96.000000
57 96.000000
58 96.000000
59 96.000000
60 96.000000
61 96.000000
62 96.000000
63 96.000000
64 96.000000
65 -64.000000
66 -64.000000
67 -64.000000
68 -64.000000
69 -64.000000
70 -64.000000
71 -64.000000
72 -64.000000
73 -64.000000
74 -64.000000
75 -64.000000
76 -64.000000
77 -64.000000
78 -64.000000
