1 0.000000
2 0.000000
3 0.000000
4 0.000000
5 0.000000
6 0.000000
7 0.000000
8 0.000000
9 0.000000
10 0.000000
11 0.000000
12 0.000000
13 0.000000
14 0.000000
15 0.000000
16 0.000000
17 -200.000000
18 -200.000000
19 -200.000000
20 -200.000000
21 -200.000000
22 -200.000000
23 -200.000000
24 -200.000000
25 -200.000000
26 -200.000000
27 -200.000000
28 -200.000000
29 -200.000000
30 -200.000000
31 -200.000000
32 -200.000000
33 -152.000000
34 -152.000000
35 -152.000000
36 -152.000000
37 -152.000000
38 -152.000000
39 -152.000000
40 -152.000000
41 -152.000000
42 -152.000000
43 -152.000000
44 -152.000000
45 -152.000000
46 -152.000000
47 -152.000000
48 -152.000000
49 88.000000
50 88.000000
51 88.000000
52 88.000000
53 88.000000
54 88.000000
55 88.000000
56 88.000000
57 88.000000
58 88.000000
59 88.000000
60 88.000000
61 88.000000
62 88.000000
63 88.000000
64 88.000000
65 80.000000
66 80.000000
67 80.000000
68 80.000000
69 80.000000
70 80.000000
71 80.000000
72 80.000000
73 80.000000
74 80.000000
75 80.000000
76 80.000000
77 80.000000
78 80.000000
