1 0.000000
2 0.000000
3 0.000000
4 0.000000
5 0.000000
6 0.000000
7 0.000000
8 0.000000
9 0.000000
10 0.000000
11 0.000000
12 0.000000
13 0.000000
14 0.000000
15 0.000000
16 0.000000
17 24.000000
18 24.000000
19 24.000000
20 24.000000
21 24.000000
22 24.000000
23 24.000000
24 24.000000
25 24.000000
26 24.000000
27 24.000000
28 24.000000
29 24.000000
30 24.000000
31 24.000000
32 24.000000
33 440.000000
34 440.000000
35 440.000000
36 440.000000
37 440.000000
38 440.000000
39 440.000000
40 440.000000
41 440.000000
42 440.000000
43 440.000000
44 440.000000
45 440.000000
46 440.000000
47 440.000000
48 440.000000
49 144.000000
50 144.000000
51 144.000000
52 144.000000
53 144.000000
54 144.000000
55 144.000000
56 144.000000
57 144.000000
58 144.000000
59 144.000000
60 144.000000
61 144.000000
62 144.000000
63 144.000000
64 144.000000
65 360.000000
66 360.000000
67 360.000000
68 360.000000
69 360.000000
70 360.000000
71 360.000000
72 360.000000
73 360.000000
74 360.000000
75 360.000000
76 360.000000
77 360.000000
78 360.000000
