1 0.000000
2 0.000000
3 0.000000
4 0.000000
5 0.000000
6 0.000000
7 0.000000
8 0.000000
9 0.000000
10 0.000000
11 0.000000
12 0.000000
13 0.000000
14 0.000000
15 0.000000
16 0.000000
17 -192.000000
18 -192.000000
19 -192.000000
20 -192.000000
21 -192.000000
22 -192.000000
23 -192.000000
24 -192.000000
25 -192.000000
26 -192.000000
27 -192.000000
28 -192.000000
29 -192.000000
30 -192.000000
31 -192.000000
32 -192.000000
33 -0.000000
34 -0.000000
35 -0.000000
36 -0.000000
37 -0.000000
38 -0.000000
39 -0.000000
40 -0.000000
41 -0.000000
42 -0.000000
43 -0.000000
44 -0.000000
45 -0.000000
46 -0.000000
47 -0.000000
48 -0.000000
49 -168.000000
50 -168.000000
51 -168.000000
52 -168.000000
53 -168.000000
54 -168.000000
55 -168.000000
56 -168.000000
57 -168.000000
58 -168.000000
59 -168.000000
60 -168.000000
61 -168.000000
62 -168.000000
63 -168.000000
64 -168.000000
65 -8.000000
66 -8.000000
67 -8.000000
68 -8.000000
69 -8.000000
70 -8.000000
71 -8.000000
72 -8.000000
73 -8.000000
74 -8.000000
75 -8.000000
76 -8.000000
77 -8.000000
78 -8.000000
