1 0.000000
2 0.000000
3 0.000000
4 0.000000
5 0.000000
6 0.000000
7 0.000000
8 0.000000
9 0.000000
10 0.000000
11 0.000000
12 0.000000
13 0.000000
14 0.000000
15 0.000000
16 0.000000
17 80.000000
18 80.000000
19 80.000000
20 80.000000
21 80.000000
22 80.000000
23 80.000000
24 80.000000
25 80.000000
26 80.000000
27 80.000000
28 80.000000
29 80.000000
30 80.000000
31 80.000000
32 80.000000
33 -240.000000
34 -240.000000
35 -240.000000
36 -240.000000
37 -240.000000
38 -240.000000
39 -240.000000
40 -240.000000
41 -240.000000
42 -240.000000
43 -240.000000
44 -240.000000
45 -240.000000
46 -240.000000
47 -240.000000
48 -240.000000
49 -152.000000
50 -152.000000
51 -152.000000
52 -152.000000
53 -152.000000
54 -152.000000
55 -152.000000
56 -152.000000
57 -152.000000
58 -152.000000
59 -152.000000
60 -152.000000
61 -152.000000
62 -152.000000
63 -152.000000
64 -152.000000
65 -232.000000
66 -232.000000
67 -232.000000
68 -232.000000
69 -232.000000
70 -232.000000
71 -232.000000
72 -232.000000
73 -232.000000
74 -232.000000
75 -232.000000
76 -232.000000
77 -232.000000
78 -232.000000
