1 0.000000
2 0.000000
3 0.000000
4 0.000000
5 0.000000
6 0.000000
7 0.000000
8 0.000000
9 0.000000
10 0.000000
11 0.000000
12 0.000000
13 0.000000
14 0.000000
15 0.000000
16 0.000000
17 520.000000
18 520.000000
19 520.000000
20 520.000000
21 520.000000
22 520.000000
23 520.000000
24 520.000000
25 520.000000
26 520.000000
27 520.000000
28 520.000000
29 520.000000
30 520.000000
31 520.000000
32 520.000000
33 568.000000
34 568.000000
35 568.000000
36 568.000000
37 568.000000
38 568.000000
39 568.000000
40 568.000000
41 568.000000
42 568.000000
43 568.000000
44 568.000000
45 568.000000
46 568.000000
47 568.000000
48 568.000000
