1 0.000000
2 0.000000
3 0.000000
4 0.000000
5 0.000000
6 0.000000
7 0.000000
8 0.000000
9 0.000000
10 0.000000
11 0.000000
12 0.000000
13 0.000000
14 0.000000
15 0.000000
16 0.000000
17 104.000000
18 104.000000
19 104.000000
20 104.000000
21 104.000000
22 104.000000
23 104.000000
24 104.000000
25 104.000000
26 104.000000
27 104.000000
28 104.000000
29 104.000000
30 104.000000
31 104.000000
32 104.000000
33 8.000000
34 8.000000
35 8.000000
36 8.000000
37 8.000000
38 8.000000
39 8.000000
40 8.000000
41 8.000000
42 8.000000
43 8.000000
44 8.000000
45 8.000000
46 8.000000
47 8.000000
48 8.000000
