1 0.000000
2 0.000000
3 0.000000
4 0.000000
5 0.000000
6 0.000000
7 0.000000
8 0.000000
9 0.000000
10 0.000000
11 0.000000
12 0.000000
13 0.000000
14 0.000000
15 0.000000
16 0.000000
17 -136.000000
18 -136.000000
19 -136.000000
20 -136.000000
21 -136.000000
22 -136.000000
23 -136.000000
24 -136.000000
25 -136.000000
26 -136.000000
27 -136.000000
28 -136.000000
29 -136.000000
30 -136.000000
31 -136.000000
32 -136.000000
33 -0.000000
34 -0.000000
35 -0.000000
36 -0.000000
37 -0.000000
38 -0.000000
39 -0.000000
40 -0.000000
41 -0.000000
42 -0.000000
43 -0.000000
44 -0.000000
45 -0.000000
46 -0.000000
47 -0.000000
48 -0.000000
49 144.000000
50 144.000000
51 144.000000
52 144.000000
53 144.000000
54 144.000000
55 144.000000
56 144.000000
57 144.000000
58 144.000000
59 144.000000
60 144.000000
61 144.000000
62 144.000000
63 144.000000
64 144.000000
65 24.000000
66 24.000000
67 24.000000
68 24.000000
69 24.000000
70 24.000000
71 24.000000
72 24.000000
73 24.000000
74 24.000000
75 24.000000
76 24.000000
77 24.000000
78 24.000000
