1 0.000000
2 0.000000
3 0.000000
4 0.000000
5 0.000000
6 0.000000
7 0.000000
8 0.000000
9 0.000000
10 0.000000
11 0.000000
12 0.000000
13 0.000000
14 0.000000
15 0.000000
16 0.000000
17 120.000000
18 120.000000
19 120.000000
20 120.000000
21 120.000000
22 120.000000
23 120.000000
24 120.000000
25 120.000000
26 120.000000
27 120.000000
28 120.000000
29 120.000000
30 120.000000
31 120.000000
32 120.000000
33 8.000000
34 8.000000
35 8.000000
36 8.000000
37 8.000000
38 8.000000
39 8.000000
40 8.000000
41 8.000000
42 8.000000
43 8.000000
44 8.000000
45 8.000000
46 8.000000
47 8.000000
48 8.000000
49 40.000000
50 40.000000
51 40.000000
52 40.000000
53 40.000000
54 40.000000
55 40.000000
56 40.000000
57 40.000000
58 40.000000
59 40.000000
60 40.000000
61 40.000000
62 40.000000
63 40.000000
64 40.000000
65 72.000000
66 72.000000
67 72.000000
68 72.000000
69 72.000000
70 72.000000
71 72.000000
72 72.000000
73 72.000000
74 72.000000
75 72.000000
76 72.000000
77 72.000000
78 72.000000
