1 0.000000
2 0.000000
3 0.000000
4 0.000000
5 0.000000
6 0.000000
7 0.000000
8 0.000000
9 0.000000
10 0.000000
11 0.000000
12 0.000000
13 0.000000
14 0.000000
15 0.000000
16 0.000000
17 64.000000
18 64.000000
19 64.000000
20 64.000000
21 64.000000
22 64.000000
23 64.000000
24 64.000000
25 64.000000
26 64.000000
27 64.000000
28 64.000000
29 64.000000
30 64.000000
31 64.000000
32 64.000000
33 344.000000
34 344.000000
35 344.000000
36 344.000000
37 344.000000
38 344.000000
39 344.000000
40 344.000000
41 344.000000
42 344.000000
43 344.000000
44 344.000000
45 344.000000
46 344.000000
47 344.000000
48 344.000000
49 -48.000000
50 -48.000000
51 -48.000000
52 -48.000000
53 -48.000000
54 -48.000000
55 -48.000000
56 -48.000000
57 -48.000000
58 -48.000000
59 -48.000000
60 -48.000000
61 -48.000000
62 -48.000000
63 -48.000000
64 -48.000000
65 128.000000
66 128.000000
67 128.000000
68 128.000000
69 128.000000
70 128.000000
71 128.000000
72 128.000000
73 128.000000
74 128.000000
75 128.000000
76 128.000000
77 128.000000
78 128.000000
