1 0.000000
2 0.000000
3 0.000000
4 0.000000
5 0.000000
6 0.000000
7 0.000000
8 0.000000
9 0.000000
10 0.000000
11 0.000000
12 0.000000
13 0.000000
14 0.000000
15 0.000000
16 0.000000
17 264.000000
18 264.000000
19 264.000000
20 264.000000
21 264.000000
22 264.000000
23 264.000000
24 264.000000
25 264.000000
26 264.000000
27 264.000000
28 264.000000
29 264.000000
30 264.000000
31 264.000000
32 264.000000
33 136.000000
34 136.000000
35 136.000000
36 136.000000
37 136.000000
38 136.000000
39 136.000000
40 136.000000
41 136.000000
42 136.000000
43 136.000000
44 136.000000
45 136.000000
46 136.000000
47 136.000000
48 136.000000
49 88.000000
50 88.000000
51 88.000000
52 88.000000
53 88.000000
54 88.000000
55 88.000000
56 88.000000
57 88.000000
58 88.000000
59 88.000000
60 88.000000
61 88.000000
62 88.000000
63 88.000000
64 88.000000
65 160.000000
66 160.000000
67 160.000000
68 160.000000
69 160.000000
70 160.000000
71 160.000000
72 160.000000
73 160.000000
74 160.000000
75 160.000000
76 160.000000
77 160.000000
78 160.000000
