1 0.000000
2 0.000000
3 0.000000
4 0.000000
5 0.000000
6 0.000000
7 0.000000
8 0.000000
9 0.000000
10 0.000000
11 0.000000
12 0.000000
13 0.000000
14 0.000000
15 0.000000
16 0.000000
17 -312.000000
18 -312.000000
19 -312.000000
20 -312.000000
21 -312.000000
22 -312.000000
23 -312.000000
24 -312.000000
25 -312.000000
26 -312.000000
27 -312.000000
28 -312.000000
29 -312.000000
30 -312.000000
31 -312.000000
32 -312.000000
33 -312.000000
34 -312.000000
35 -312.000000
36 -312.000000
37 -312.000000
38 -312.000000
39 -312.000000
40 -312.000000
41 -312.000000
42 -312.000000
43 -312.000000
44 -312.000000
45 -312.000000
46 -312.000000
47 -312.000000
48 -312.000000
49 -232.000000
50 -232.000000
51 -232.000000
52 -232.000000
53 -232.000000
54 -232.000000
55 -232.000000
56 -232.000000
57 -232.000000
58 -232.000000
59 -232.000000
60 -232.000000
61 -232.000000
62 -232.000000
63 -232.000000
64 -232.000000
65 -256.000000
66 -256.000000
67 -256.000000
68 -256.000000
69 -256.000000
70 -256.000000
71 -256.000000
72 -256.000000
73 -256.000000
74 -256.000000
75 -256.000000
76 -256.000000
77 -256.000000
78 -256.000000
