1 0.000000
2 0.000000
3 0.000000
4 0.000000
5 0.000000
6 0.000000
7 0.000000
8 0.000000
9 0.000000
10 0.000000
11 0.000000
12 0.000000
13 0.000000
14 0.000000
15 0.000000
16 0.000000
17 80.000000
18 80.000000
19 80.000000
20 80.000000
21 80.000000
22 80.000000
23 80.000000
24 80.000000
25 80.000000
26 80.000000
27 80.000000
28 80.000000
29 80.000000
30 80.000000
31 80.000000
32 80.000000
33 64.000000
34 64.000000
35 64.000000
36 64.000000
37 64.000000
38 64.000000
39 64.000000
40 64.000000
41 64.000000
42 64.000000
43 64.000000
44 64.000000
45 64.000000
46 64.000000
47 64.000000
48 64.000000
