1 0.000000
2 0.000000
3 0.000000
4 0.000000
5 0.000000
6 0.000000
7 0.000000
8 0.000000
9 0.000000
10 0.000000
11 0.000000
12 0.000000
13 0.000000
14 0.000000
15 0.000000
16 0.000000
17 248.000000
18 248.000000
19 248.000000
20 248.000000
21 248.000000
22 248.000000
23 248.000000
24 248.000000
25 248.000000
26 248.000000
27 248.000000
28 248.000000
29 248.000000
30 248.000000
31 248.000000
32 248.000000
33 320.000000
34 320.000000
35 320.000000
36 320.000000
37 320.000000
38 320.000000
39 320.000000
40 320.000000
41 320.000000
42 320.000000
43 320.000000
44 320.000000
45 320.000000
46 320.000000
47 320.000000
48 320.000000
