1 0.000000
2 0.000000
3 0.000000
4 0.000000
5 0.000000
6 0.000000
7 0.000000
8 0.000000
9 0.000000
10 0.000000
11 0.000000
12 0.000000
13 0.000000
14 0.000000
15 0.000000
16 0.000000
17 -128.000000
18 -128.000000
19 -128.000000
20 -128.000000
21 -128.000000
22 -128.000000
23 -128.000000
24 -128.000000
25 -128.000000
26 -128.000000
27 -128.000000
28 -128.000000
29 -128.000000
30 -128.000000
31 -128.000000
32 -128.000000
33 -96.000000
34 -96.000000
35 -96.000000
36 -96.000000
37 -96.000000
38 -96.000000
39 -96.000000
40 -96.000000
41 -96.000000
42 -96.000000
43 -96.000000
44 -96.000000
45 -96.000000
46 -96.000000
47 -96.000000
48 -96.000000
49 -0.000000
50 -0.000000
51 -0.000000
52 -0.000000
53 -0.000000
54 -0.000000
55 -0.000000
56 -0.000000
57 -0.000000
58 -0.000000
59 -0.000000
60 -0.000000
61 -0.000000
62 -0.000000
63 -0.000000
64 -0.000000
65 -0.000000
66 -0.000000
67 -0.000000
68 -0.000000
69 -0.000000
70 -0.000000
71 -0.000000
72 -0.000000
73 -0.000000
74 -0.000000
75 -0.000000
76 -0.000000
77 -0.000000
78 -0.000000
