1 0.000000
2 0.000000
3 0.000000
4 0.000000
5 0.000000
6 0.000000
7 0.000000
8 0.000000
9 0.000000
10 0.000000
11 0.000000
12 0.000000
13 0.000000
14 0.000000
15 0.000000
16 0.000000
17 320.000000
18 320.000000
19 320.000000
20 320.000000
21 320.000000
22 320.000000
23 320.000000
24 320.000000
25 320.000000
26 320.000000
27 320.000000
28 320.000000
29 320.000000
30 320.000000
31 320.000000
32 320.000000
33 176.000000
34 176.000000
35 176.000000
36 176.000000
37 176.000000
38 176.000000
39 176.000000
40 176.000000
41 176.000000
42 176.000000
43 176.000000
44 176.000000
45 176.000000
46 176.000000
47 176.000000
48 176.000000
