1 0.000000
2 0.000000
3 0.000000
4 0.000000
5 0.000000
6 0.000000
7 0.000000
8 0.000000
9 0.000000
10 0.000000
11 0.000000
12 0.000000
13 0.000000
14 0.000000
15 0.000000
16 0.000000
17 -304.000000
18 -304.000000
19 -304.000000
20 -304.000000
21 -304.000000
22 -304.000000
23 -304.000000
24 -304.000000
25 -304.000000
26 -304.000000
27 -304.000000
28 -304.000000
29 -304.000000
30 -304.000000
31 -304.000000
32 -304.000000
33 -176.000000
34 -176.000000
35 -176.000000
36 -176.000000
37 -176.000000
38 -176.000000
39 -176.000000
40 -176.000000
41 -176.000000
42 -176.000000
43 -176.000000
44 -176.000000
45 -176.000000
46 -176.000000
47 -176.000000
48 -176.000000
49 -264.000000
50 -264.000000
51 -264.000000
52 -264.000000
53 -264.000000
54 -264.000000
55 -264.000000
56 -264.000000
57 -264.000000
58 -264.000000
59 -264.000000
60 -264.000000
61 -264.000000
62 -264.000000
63 -264.000000
64 -264.000000
65 136.000000
66 136.000000
67 136.000000
68 136.000000
69 136.000000
70 136.000000
71 136.000000
72 136.000000
73 136.000000
74 136.000000
75 136.000000
76 136.000000
77 136.000000
78 136.000000
