1 0.000000
2 0.000000
3 0.000000
4 0.000000
5 0.000000
6 0.000000
7 0.000000
8 0.000000
9 0.000000
10 0.000000
11 0.000000
12 0.000000
13 0.000000
14 0.000000
15 0.000000
16 0.000000
17 144.000000
18 144.000000
19 144.000000
20 144.000000
21 144.000000
22 144.000000
23 144.000000
24 144.000000
25 144.000000
26 144.000000
27 144.000000
28 144.000000
29 144.000000
30 144.000000
31 144.000000
32 144.000000
33 312.000000
34 312.000000
35 312.000000
36 312.000000
37 312.000000
38 312.000000
39 312.000000
40 312.000000
41 312.000000
42 312.000000
43 312.000000
44 312.000000
45 312.000000
46 312.000000
47 312.000000
48 312.000000
49 -136.000000
50 -136.000000
51 -136.000000
52 -136.000000
53 -136.000000
54 -136.000000
55 -136.000000
56 -136.000000
57 -136.000000
58 -136.000000
59 -136.000000
60 -136.000000
61 -136.000000
62 -136.000000
63 -136.000000
64 -136.000000
65 344.000000
66 344.000000
67 344.000000
68 344.000000
69 344.000000
70 344.000000
71 344.000000
72 344.000000
73 344.000000
74 344.000000
75 344.000000
76 344.000000
77 344.000000
78 344.000000
