1 0.000000
2 0.000000
3 0.000000
4 0.000000
5 0.000000
6 0.000000
7 0.000000
8 0.000000
9 0.000000
10 0.000000
11 0.000000
12 0.000000
13 0.000000
14 0.000000
15 0.000000
16 0.000000
17 -128.000000
18 -128.000000
19 -128.000000
20 -128.000000
21 -128.000000
22 -128.000000
23 -128.000000
24 -128.000000
25 -128.000000
26 -128.000000
27 -128.000000
28 -128.000000
29 -128.000000
30 -128.000000
31 -128.000000
32 -128.000000
33 152.000000
34 152.000000
35 152.000000
36 152.000000
37 152.000000
38 152.000000
39 152.000000
40 152.000000
41 152.000000
42 152.000000
43 152.000000
44 152.000000
45 152.000000
46 152.000000
47 152.000000
48 152.000000
49 -16.000000
50 -16.000000
51 -16.000000
52 -16.000000
53 -16.000000
54 -16.000000
55 -16.000000
56 -16.000000
57 -16.000000
58 -16.000000
59 -16.000000
60 -16.000000
61 -16.000000
62 -16.000000
63 -16.000000
64 -16.000000
65 72.000000
66 72.000000
67 72.000000
68 72.000000
69 72.000000
70 72.000000
71 72.000000
72 72.000000
73 72.000000
74 72.000000
75 72.000000
76 72.000000
77 72.000000
78 72.000000
