1 0.000000
2 0.000000
3 0.000000
4 0.000000
5 0.000000
6 0.000000
7 0.000000
8 0.000000
9 0.000000
10 0.000000
11 0.000000
12 0.000000
13 0.000000
14 0.000000
15 0.000000
16 0.000000
17 200.000000
18 200.000000
19 200.000000
20 200.000000
21 200.000000
22 200.000000
23 200.000000
24 200.000000
25 200.000000
26 200.000000
27 200.000000
28 200.000000
29 200.000000
30 200.000000
31 200.000000
32 200.000000
33 224.000000
34 224.000000
35 224.000000
36 224.000000
37 224.000000
38 224.000000
39 224.000000
40 224.000000
41 224.000000
42 224.000000
43 224.000000
44 224.000000
45 224.000000
46 224.000000
47 224.000000
48 224.000000
49 192.000000
50 192.000000
51 192.000000
52 192.000000
53 192.000000
54 192.000000
55 192.000000
56 192.000000
57 192.000000
58 192.000000
59 192.000000
60 192.000000
61 192.000000
62 192.000000
63 192.000000
64 192.000000
65 416.000000
66 416.000000
67 416.000000
68 416.000000
69 416.000000
70 416.000000
71 416.000000
72 416.000000
73 416.000000
74 416.000000
75 416.000000
76 416.000000
77 416.000000
78 416.000000
