1 0.000000
2 0.000000
3 0.000000
4 0.000000
5 0.000000
6 0.000000
7 0.000000
8 0.000000
9 0.000000
10 0.000000
11 0.000000
12 0.000000
13 0.000000
14 0.000000
15 0.000000
16 0.000000
17 464.000000
18 464.000000
19 464.000000
20 464.000000
21 464.000000
22 464.000000
23 464.000000
24 464.000000
25 464.000000
26 464.000000
27 464.000000
28 464.000000
29 464.000000
30 464.000000
31 464.000000
32 464.000000
33 296.000000
34 296.000000
35 296.000000
36 296.000000
37 296.000000
38 296.000000
39 296.000000
40 296.000000
41 296.000000
42 296.000000
43 296.000000
44 296.000000
45 296.000000
46 296.000000
47 296.000000
48 296.000000
49 240.000000
50 240.000000
51 240.000000
52 240.000000
53 240.000000
54 240.000000
55 240.000000
56 240.000000
57 240.000000
58 240.000000
59 240.000000
60 240.000000
61 240.000000
62 240.000000
63 240.000000
64 240.000000
65 224.000000
66 224.000000
67 224.000000
68 224.000000
69 224.000000
70 224.000000
71 224.000000
72 224.000000
73 224.000000
74 224.000000
75 224.000000
76 224.000000
77 224.000000
78 224.000000
