1 0.000000
2 0.000000
3 0.000000
4 0.000000
5 0.000000
6 0.000000
7 0.000000
8 0.000000
9 0.000000
10 0.000000
11 0.000000
12 0.000000
13 0.000000
14 0.000000
15 0.000000
16 0.000000
17 -40.000000
18 -40.000000
19 -40.000000
20 -40.000000
21 -40.000000
22 -40.000000
23 -40.000000
24 -40.000000
25 -40.000000
26 -40.000000
27 -40.000000
28 -40.000000
29 -40.000000
30 -40.000000
31 -40.000000
32 -40.000000
33 88.000000
34 88.000000
35 88.000000
36 88.000000
37 88.000000
38 88.000000
39 88.000000
40 88.000000
41 88.000000
42 88.000000
43 88.000000
44 88.000000
45 88.000000
46 88.000000
47 88.000000
48 88.000000
49 160.000000
50 160.000000
51 160.000000
52 160.000000
53 160.000000
54 160.000000
55 160.000000
56 160.000000
57 160.000000
58 160.000000
59 160.000000
60 160.000000
61 160.000000
62 160.000000
63 160.000000
64 160.000000
65 384.000000
66 384.000000
67 384.000000
68 384.000000
69 384.000000
70 384.000000
71 384.000000
72 384.000000
73 384.000000
74 384.000000
75 384.000000
76 384.000000
77 384.000000
78 384.000000
