1 0.000000
2 0.000000
3 0.000000
4 0.000000
5 0.000000
6 0.000000
7 0.000000
8 0.000000
9 0.000000
10 0.000000
11 0.000000
12 0.000000
13 0.000000
14 0.000000
15 0.000000
16 0.000000
17 -24.000000
18 -24.000000
19 -24.000000
20 -24.000000
21 -24.000000
22 -24.000000
23 -24.000000
24 -24.000000
25 -24.000000
26 -24.000000
27 -24.000000
28 -24.000000
29 -24.000000
30 -24.000000
31 -24.000000
32 -24.000000
33 96.000000
34 96.000000
35 96.000000
36 96.000000
37 96.000000
38 96.000000
39 96.000000
40 96.000000
41 96.000000
42 96.000000
43 96.000000
44 96.000000
45 96.000000
46 96.000000
47 96.000000
48 96.000000
49 224.000000
50 224.000000
51 224.000000
52 224.000000
53 224.000000
54 224.000000
55 224.000000
56 224.000000
57 224.000000
58 224.000000
59 224.000000
60 224.000000
61 224.000000
62 224.000000
63 224.000000
64 224.000000
65 120.000000
66 120.000000
67 120.000000
68 120.000000
69 120.000000
70 120.000000
71 120.000000
72 120.000000
73 120.000000
74 120.000000
75 120.000000
76 120.000000
77 120.000000
78 120.000000
