1 0.000000
2 0.000000
3 0.000000
4 0.000000
5 0.000000
6 0.000000
7 0.000000
8 0.000000
9 0.000000
10 0.000000
11 0.000000
12 0.000000
13 0.000000
14 0.000000
15 0.000000
16 0.000000
17 176.000000
18 176.000000
19 176.000000
20 176.000000
21 176.000000
22 176.000000
23 176.000000
24 176.000000
25 176.000000
26 176.000000
27 176.000000
28 176.000000
29 176.000000
30 176.000000
31 176.000000
32 176.000000
33 72.000000
34 72.000000
35 72.000000
36 72.000000
37 72.000000
38 72.000000
39 72.000000
40 72.000000
41 72.000000
42 72.000000
43 72.000000
44 72.000000
45 72.000000
46 72.000000
47 72.000000
48 72.000000
49 56.000000
50 56.000000
51 56.000000
52 56.000000
53 56.000000
54 56.000000
55 56.000000
56 56.000000
57 56.000000
58 56.000000
59 56.000000
60 56.000000
61 56.000000
62 56.000000
63 56.000000
64 56.000000
65 408.000000
66 408.000000
67 408.000000
68 408.000000
69 408.000000
70 408.000000
71 408.000000
72 408.000000
73 408.000000
74 408.000000
75 408.000000
76 408.000000
77 408.000000
78 408.000000
