1 0.000000
2 0.000000
3 0.000000
4 0.000000
5 0.000000
6 0.000000
7 0.000000
8 0.000000
9 0.000000
10 0.000000
11 0.000000
12 0.000000
13 0.000000
14 0.000000
15 0.000000
16 0.000000
17 -32.000000
18 -32.000000
19 -32.000000
20 -32.000000
21 -32.000000
22 -32.000000
23 -32.000000
24 -32.000000
25 -32.000000
26 -32.000000
27 -32.000000
28 -32.000000
29 -32.000000
30 -32.000000
31 -32.000000
32 -32.000000
33 -40.000000
34 -40.000000
35 -40.000000
36 -40.000000
37 -40.000000
38 -40.000000
39 -40.000000
40 -40.000000
41 -40.000000
42 -40.000000
43 -40.000000
44 -40.000000
45 -40.000000
46 -40.000000
47 -40.000000
48 -40.000000
49 128.000000
50 128.000000
51 128.000000
52 128.000000
53 128.000000
54 128.000000
55 128.000000
56 128.000000
57 128.000000
58 128.000000
59 128.000000
60 128.000000
61 128.000000
62 128.000000
63 128.000000
64 128.000000
65 128.000000
66 128.000000
67 128.000000
68 128.000000
69 128.000000
70 128.000000
71 128.000000
72 128.000000
73 128.000000
74 128.000000
75 128.000000
76 128.000000
77 128.000000
78 128.000000
