1 0.000000
2 0.000000
3 0.000000
4 0.000000
5 0.000000
6 0.000000
7 0.000000
8 0.000000
9 0.000000
10 0.000000
11 0.000000
12 0.000000
13 0.000000
14 0.000000
15 0.000000
16 0.000000
17 -88.000000
18 -88.000000
19 -88.000000
20 -88.000000
21 -88.000000
22 -88.000000
23 -88.000000
24 -88.000000
25 -88.000000
26 -88.000000
27 -88.000000
28 -88.000000
29 -88.000000
30 -88.000000
31 -88.000000
32 -88.000000
33 200.000000
34 200.000000
35 200.000000
36 200.000000
37 200.000000
38 200.000000
39 200.000000
40 200.000000
41 200.000000
42 200.000000
43 200.000000
44 200.000000
45 200.000000
46 200.000000
47 200.000000
48 200.000000
49 56.000000
50 56.000000
51 56.000000
52 56.000000
53 56.000000
54 56.000000
55 56.000000
56 56.000000
57 56.000000
58 56.000000
59 56.000000
60 56.000000
61 56.000000
62 56.000000
63 56.000000
64 56.000000
65 -48.000000
66 -48.000000
67 -48.000000
68 -48.000000
69 -48.000000
70 -48.000000
71 -48.000000
72 -48.000000
73 -48.000000
74 -48.000000
75 -48.000000
76 -48.000000
77 -48.000000
78 -48.000000
