1 0.000000
2 0.000000
3 0.000000
4 0.000000
5 0.000000
6 0.000000
7 0.000000
8 0.000000
9 0.000000
10 0.000000
11 0.000000
12 0.000000
13 0.000000
14 0.000000
15 0.000000
16 0.000000
17 224.000000
18 224.000000
19 224.000000
20 224.000000
21 224.000000
22 224.000000
23 224.000000
24 224.000000
25 224.000000
26 224.000000
27 224.000000
28 224.000000
29 224.000000
30 224.000000
31 224.000000
32 224.000000
33 64.000000
34 64.000000
35 64.000000
36 64.000000
37 64.000000
38 64.000000
39 64.000000
40 64.000000
41 64.000000
42 64.000000
43 64.000000
44 64.000000
45 64.000000
46 64.000000
47 64.000000
48 64.000000
49 240.000000
50 240.000000
51 240.000000
52 240.000000
53 240.000000
54 240.000000
55 240.000000
56 240.000000
57 240.000000
58 240.000000
59 240.000000
60 240.000000
61 240.000000
62 240.000000
63 240.000000
64 240.000000
65 120.000000
66 120.000000
67 120.000000
68 120.000000
69 120.000000
70 120.000000
71 120.000000
72 120.000000
73 120.000000
74 120.000000
75 120.000000
76 120.000000
77 120.000000
78 120.000000
