1 0.000000
2 0.000000
3 0.000000
4 0.000000
5 0.000000
6 0.000000
7 0.000000
8 0.000000
9 0.000000
10 0.000000
11 0.000000
12 0.000000
13 0.000000
14 0.000000
15 0.000000
16 0.000000
17 280.000000
18 280.000000
19 280.000000
20 280.000000
21 280.000000
22 280.000000
23 280.000000
24 280.000000
25 280.000000
26 280.000000
27 280.000000
28 280.000000
29 280.000000
30 280.000000
31 280.000000
32 280.000000
33 -0.000000
34 -0.000000
35 -0.000000
36 -0.000000
37 -0.000000
38 -0.000000
39 -0.000000
40 -0.000000
41 -0.000000
42 -0.000000
43 -0.000000
44 -0.000000
45 -0.000000
46 -0.000000
47 -0.000000
48 -0.000000
