1 0.000000
2 0.000000
3 0.000000
4 0.000000
5 0.000000
6 0.000000
7 0.000000
8 0.000000
9 0.000000
10 0.000000
11 0.000000
12 0.000000
13 0.000000
14 0.000000
15 0.000000
16 0.000000
17 -48.000000
18 -48.000000
19 -48.000000
20 -48.000000
21 -48.000000
22 -48.000000
23 -48.000000
24 -48.000000
25 -48.000000
26 -48.000000
27 -48.000000
28 -48.000000
29 -48.000000
30 -48.000000
31 -48.000000
32 -48.000000
33 216.000000
34 216.000000
35 216.000000
36 216.000000
37 216.000000
38 216.000000
39 216.000000
40 216.000000
41 216.000000
42 216.000000
43 216.000000
44 216.000000
45 216.000000
46 216.000000
47 216.000000
48 216.000000
49 168.000000
50 168.000000
51 168.000000
52 168.000000
53 168.000000
54 168.000000
55 168.000000
56 168.000000
57 168.000000
58 168.000000
59 168.000000
60 168.000000
61 168.000000
62 168.000000
63 168.000000
64 168.000000
65 248.000000
66 248.000000
67 248.000000
68 248.000000
69 248.000000
70 248.000000
71 248.000000
72 248.000000
73 248.000000
74 248.000000
75 248.000000
76 248.000000
77 248.000000
78 248.000000
