1 0.000000
2 0.000000
3 0.000000
4 0.000000
5 0.000000
6 0.000000
7 0.000000
8 0.000000
9 0.000000
10 0.000000
11 0.000000
12 0.000000
13 0.000000
14 0.000000
15 0.000000
16 0.000000
17 -88.000000
18 -88.000000
19 -88.000000
20 -88.000000
21 -88.000000
22 -88.000000
23 -88.000000
24 -88.000000
25 -88.000000
26 -88.000000
27 -88.000000
28 -88.000000
29 -88.000000
30 -88.000000
31 -88.000000
32 -88.000000
33 40.000000
34 40.000000
35 40.000000
36 40.000000
37 40.000000
38 40.000000
39 40.000000
40 40.000000
41 40.000000
42 40.000000
43 40.000000
44 40.000000
45 40.000000
46 40.000000
47 40.000000
48 40.000000
49 104.000000
50 104.000000
51 104.000000
52 104.000000
53 104.000000
54 104.000000
55 104.000000
56 104.000000
57 104.000000
58 104.000000
59 104.000000
60 104.000000
61 104.000000
62 104.000000
63 104.000000
64 104.000000
65 40.000000
66 40.000000
67 40.000000
68 40.000000
69 40.000000
70 40.000000
71 40.000000
72 40.000000
73 40.000000
74 40.000000
75 40.000000
76 40.000000
77 40.000000
78 40.000000
