1 0.000000
2 0.000000
3 0.000000
4 0.000000
5 0.000000
6 0.000000
7 0.000000
8 0.000000
9 0.000000
10 0.000000
11 0.000000
12 0.000000
13 0.000000
14 0.000000
15 0.000000
16 0.000000
17 200.000000
18 200.000000
19 200.000000
20 200.000000
21 200.000000
22 200.000000
23 200.000000
24 200.000000
25 200.000000
26 200.000000
27 200.000000
28 200.000000
29 200.000000
30 200.000000
31 200.000000
32 200.000000
33 192.000000
34 192.000000
35 192.000000
36 192.000000
37 192.000000
38 192.000000
39 192.000000
40 192.000000
41 192.000000
42 192.000000
43 192.000000
44 192.000000
45 192.000000
46 192.000000
47 192.000000
48 192.000000
49 160.000000
50 160.000000
51 160.000000
52 160.000000
53 160.000000
54 160.000000
55 160.000000
56 160.000000
57 160.000000
58 160.000000
59 160.000000
60 160.000000
61 160.000000
62 160.000000
63 160.000000
64 160.000000
65 24.000000
66 24.000000
67 24.000000
68 24.000000
69 24.000000
70 24.000000
71 24.000000
72 24.000000
73 24.000000
74 24.000000
75 24.000000
76 24.000000
77 24.000000
78 24.000000
