1 0.000000
2 0.000000
3 0.000000
4 0.000000
5 0.000000
6 0.000000
7 0.000000
8 0.000000
9 0.000000
10 0.000000
11 0.000000
12 0.000000
13 0.000000
14 0.000000
15 0.000000
16 0.000000
17 24.000000
18 24.000000
19 24.000000
20 24.000000
21 24.000000
22 24.000000
23 24.000000
24 24.000000
25 24.000000
26 24.000000
27 24.000000
28 24.000000
29 24.000000
30 24.000000
31 24.000000
32 24.000000
33 -128.000000
34 -128.000000
35 -128.000000
36 -128.000000
37 -128.000000
38 -128.000000
39 -128.000000
40 -128.000000
41 -128.000000
42 -128.000000
43 -128.000000
44 -128.000000
45 -128.000000
46 -128.000000
47 -128.000000
48 -128.000000
