1 0.000000
2 0.000000
3 0.000000
4 0.000000
5 0.000000
6 0.000000
7 0.000000
8 0.000000
9 0.000000
10 0.000000
11 0.000000
12 0.000000
13 0.000000
14 0.000000
15 0.000000
16 0.000000
17 -120.000000
18 -120.000000
19 -120.000000
20 -120.000000
21 -120.000000
22 -120.000000
23 -120.000000
24 -120.000000
25 -120.000000
26 -120.000000
27 -120.000000
28 -120.000000
29 -120.000000
30 -120.000000
31 -120.000000
32 -120.000000
33 -176.000000
34 -176.000000
35 -176.000000
36 -176.000000
37 -176.000000
38 -176.000000
39 -176.000000
40 -176.000000
41 -176.000000
42 -176.000000
43 -176.000000
44 -176.000000
45 -176.000000
46 -176.000000
47 -176.000000
48 -176.000000
49 -120.000000
50 -120.000000
51 -120.000000
52 -120.000000
53 -120.000000
54 -120.000000
55 -120.000000
56 -120.000000
57 -120.000000
58 -120.000000
59 -120.000000
60 -120.000000
61 -120.000000
62 -120.000000
63 -120.000000
64 -120.000000
65 -0.000000
66 -0.000000
67 -0.000000
68 -0.000000
69 -0.000000
70 -0.000000
71 -0.000000
72 -0.000000
73 -0.000000
74 -0.000000
75 -0.000000
76 -0.000000
77 -0.000000
78 -0.000000
