1 0.000000
2 0.000000
3 0.000000
4 0.000000
5 0.000000
6 0.000000
7 0.000000
8 0.000000
9 0.000000
10 0.000000
11 0.000000
12 0.000000
13 0.000000
14 0.000000
15 0.000000
16 0.000000
17 152.000000
18 152.000000
19 152.000000
20 152.000000
21 152.000000
22 152.000000
23 152.000000
24 152.000000
25 152.000000
26 152.000000
27 152.000000
28 152.000000
29 152.000000
30 152.000000
31 152.000000
32 152.000000
33 0.000000
34 0.000000
35 0.000000
36 0.000000
37 0.000000
38 0.000000
39 0.000000
40 0.000000
41 0.000000
42 0.000000
43 0.000000
44 0.000000
45 0.000000
46 0.000000
47 0.000000
48 0.000000
49 48.000000
50 48.000000
51 48.000000
52 48.000000
53 48.000000
54 48.000000
55 48.000000
56 48.000000
57 48.000000
58 48.000000
59 48.000000
60 48.000000
61 48.000000
62 48.000000
63 48.000000
64 48.000000
65 -96.000000
66 -96.000000
67 -96.000000
68 -96.000000
69 -96.000000
70 -96.000000
71 -96.000000
72 -96.000000
73 -96.000000
74 -96.000000
75 -96.000000
76 -96.000000
77 -96.000000
78 -96.000000
