1 0.000000
2 0.000000
3 0.000000
4 0.000000
5 0.000000
6 0.000000
7 0.000000
8 0.000000
9 0.000000
10 0.000000
11 0.000000
12 0.000000
13 0.000000
14 0.000000
15 0.000000
16 0.000000
17 -240.000000
18 -240.000000
19 -240.000000
20 -240.000000
21 -240.000000
22 -240.000000
23 -240.000000
24 -240.000000
25 -240.000000
26 -240.000000
27 -240.000000
28 -240.000000
29 -240.000000
30 -240.000000
31 -240.000000
32 -240.000000
33 40.000000
34 40.000000
35 40.000000
36 40.000000
37 40.000000
38 40.000000
39 40.000000
40 40.000000
41 40.000000
42 40.000000
43 40.000000
44 40.000000
45 40.000000
46 40.000000
47 40.000000
48 40.000000
49 -208.000000
50 -208.000000
51 -208.000000
52 -208.000000
53 -208.000000
54 -208.000000
55 -208.000000
56 -208.000000
57 -208.000000
58 -208.000000
59 -208.000000
60 -208.000000
61 -208.000000
62 -208.000000
63 -208.000000
64 -208.000000
65 88.000000
66 88.000000
67 88.000000
68 88.000000
69 88.000000
70 88.000000
71 88.000000
72 88.000000
73 88.000000
74 88.000000
75 88.000000
76 88.000000
77 88.000000
78 88.000000
