1 0.000000
2 0.000000
3 0.000000
4 0.000000
5 0.000000
6 0.000000
7 0.000000
8 0.000000
9 0.000000
10 0.000000
11 0.000000
12 0.000000
13 0.000000
14 0.000000
15 0.000000
16 0.000000
17 528.000000
18 528.000000
19 528.000000
20 528.000000
21 528.000000
22 528.000000
23 528.000000
24 528.000000
25 528.000000
26 528.000000
27 528.000000
28 528.000000
29 528.000000
30 528.000000
31 528.000000
32 528.000000
33 584.000000
34 584.000000
35 584.000000
36 584.000000
37 584.000000
38 584.000000
39 584.000000
40 584.000000
41 584.000000
42 584.000000
43 584.000000
44 584.000000
45 584.000000
46 584.000000
47 584.000000
48 584.000000
