1 0.000000
2 0.000000
3 0.000000
4 0.000000
5 0.000000
6 0.000000
7 0.000000
8 0.000000
9 0.000000
10 0.000000
11 0.000000
12 0.000000
13 0.000000
14 0.000000
15 0.000000
16 0.000000
17 88.000000
18 88.000000
19 88.000000
20 88.000000
21 88.000000
22 88.000000
23 88.000000
24 88.000000
25 88.000000
26 88.000000
27 88.000000
28 88.000000
29 88.000000
30 88.000000
31 88.000000
32 88.000000
33 96.000000
34 96.000000
35 96.000000
36 96.000000
37 96.000000
38 96.000000
39 96.000000
40 96.000000
41 96.000000
42 96.000000
43 96.000000
44 96.000000
45 96.000000
46 96.000000
47 96.000000
48 96.000000
