1 0.000000
2 0.000000
3 0.000000
4 0.000000
5 0.000000
6 0.000000
7 0.000000
8 0.000000
9 0.000000
10 0.000000
11 0.000000
12 0.000000
13 0.000000
14 0.000000
15 0.000000
16 0.000000
17 64.000000
18 64.000000
19 64.000000
20 64.000000
21 64.000000
22 64.000000
23 64.000000
24 64.000000
25 64.000000
26 64.000000
27 64.000000
28 64.000000
29 64.000000
30 64.000000
31 64.000000
32 64.000000
33 472.000000
34 472.000000
35 472.000000
36 472.000000
37 472.000000
38 472.000000
39 472.000000
40 472.000000
41 472.000000
42 472.000000
43 472.000000
44 472.000000
45 472.000000
46 472.000000
47 472.000000
48 472.000000
49 72.000000
50 72.000000
51 72.000000
52 72.000000
53 72.000000
54 72.000000
55 72.000000
56 72.000000
57 72.000000
58 72.000000
59 72.000000
60 72.000000
61 72.000000
62 72.000000
63 72.000000
64 72.000000
65 288.000000
66 288.000000
67 288.000000
68 288.000000
69 288.000000
70 288.000000
71 288.000000
72 288.000000
73 288.000000
74 288.000000
75 288.000000
76 288.000000
77 288.000000
78 288.000000
