1 0.000000
2 0.000000
3 0.000000
4 0.000000
5 0.000000
6 0.000000
7 0.000000
8 0.000000
9 0.000000
10 0.000000
11 0.000000
12 0.000000
13 0.000000
14 0.000000
15 0.000000
16 0.000000
17 96.000000
18 96.000000
19 96.000000
20 96.000000
21 96.000000
22 96.000000
23 96.000000
24 96.000000
25 96.000000
26 96.000000
27 96.000000
28 96.000000
29 96.000000
30 96.000000
31 96.000000
32 96.000000
33 168.000000
34 168.000000
35 168.000000
36 168.000000
37 168.000000
38 168.000000
39 168.000000
40 168.000000
41 168.000000
42 168.000000
43 168.000000
44 168.000000
45 168.000000
46 168.000000
47 168.000000
48 168.000000
49 -40.000000
50 -40.000000
51 -40.000000
52 -40.000000
53 -40.000000
54 -40.000000
55 -40.000000
56 -40.000000
57 -40.000000
58 -40.000000
59 -40.000000
60 -40.000000
61 -40.000000
62 -40.000000
63 -40.000000
64 -40.000000
65 -48.000000
66 -48.000000
67 -48.000000
68 -48.000000
69 -48.000000
70 -48.000000
71 -48.000000
72 -48.000000
73 -48.000000
74 -48.000000
75 -48.000000
76 -48.000000
77 -48.000000
78 -48.000000
