1 0.000000
2 0.000000
3 0.000000
4 0.000000
5 0.000000
6 0.000000
7 0.000000
8 0.000000
9 0.000000
10 0.000000
11 0.000000
12 0.000000
13 0.000000
14 0.000000
15 0.000000
16 0.000000
17 -56.000000
18 -56.000000
19 -56.000000
20 -56.000000
21 -56.000000
22 -56.000000
23 -56.000000
24 -56.000000
25 -56.000000
26 -56.000000
27 -56.000000
28 -56.000000
29 -56.000000
30 -56.000000
31 -56.000000
32 -56.000000
33 112.000000
34 112.000000
35 112.000000
36 112.000000
37 112.000000
38 112.000000
39 112.000000
40 112.000000
41 112.000000
42 112.000000
43 112.000000
44 112.000000
45 112.000000
46 112.000000
47 112.000000
48 112.000000
