1 0.000000
2 0.000000
3 0.000000
4 0.000000
5 0.000000
6 0.000000
7 0.000000
8 0.000000
9 0.000000
10 0.000000
11 0.000000
12 0.000000
13 0.000000
14 0.000000
15 0.000000
16 0.000000
17 232.000000
18 232.000000
19 232.000000
20 232.000000
21 232.000000
22 232.000000
23 232.000000
24 232.000000
25 232.000000
26 232.000000
27 232.000000
28 232.000000
29 232.000000
30 232.000000
31 232.000000
32 232.000000
33 256.000000
34 256.000000
35 256.000000
36 256.000000
37 256.000000
38 256.000000
39 256.000000
40 256.000000
41 256.000000
42 256.000000
43 256.000000
44 256.000000
45 256.000000
46 256.000000
47 256.000000
48 256.000000
49 64.000000
50 64.000000
51 64.000000
52 64.000000
53 64.000000
54 64.000000
55 64.000000
56 64.000000
57 64.000000
58 64.000000
59 64.000000
60 64.000000
61 64.000000
62 64.000000
63 64.000000
64 64.000000
65 88.000000
66 88.000000
67 88.000000
68 88.000000
69 88.000000
70 88.000000
71 88.000000
72 88.000000
73 88.000000
74 88.000000
75 88.000000
76 88.000000
77 88.000000
78 88.000000
