1 0.000000
2 0.000000
3 0.000000
4 0.000000
5 0.000000
6 0.000000
7 0.000000
8 0.000000
9 0.000000
10 0.000000
11 0.000000
12 0.000000
13 0.000000
14 0.000000
15 0.000000
16 0.000000
17 96.000000
18 96.000000
19 96.000000
20 96.000000
21 96.000000
22 96.000000
23 96.000000
24 96.000000
25 96.000000
26 96.000000
27 96.000000
28 96.000000
29 96.000000
30 96.000000
31 96.000000
32 96.000000
33 -56.000000
34 -56.000000
35 -56.000000
36 -56.000000
37 -56.000000
38 -56.000000
39 -56.000000
40 -56.000000
41 -56.000000
42 -56.000000
43 -56.000000
44 -56.000000
45 -56.000000
46 -56.000000
47 -56.000000
48 -56.000000
