1 0.000000
2 0.000000
3 0.000000
4 0.000000
5 0.000000
6 0.000000
7 0.000000
8 0.000000
9 0.000000
10 0.000000
11 0.000000
12 0.000000
13 0.000000
14 0.000000
15 0.000000
16 0.000000
17 176.000000
18 176.000000
19 176.000000
20 176.000000
21 176.000000
22 176.000000
23 176.000000
24 176.000000
25 176.000000
26 176.000000
27 176.000000
28 176.000000
29 176.000000
30 176.000000
31 176.000000
32 176.000000
33 -24.000000
34 -24.000000
35 -24.000000
36 -24.000000
37 -24.000000
38 -24.000000
39 -24.000000
40 -24.000000
41 -24.000000
42 -24.000000
43 -24.000000
44 -24.000000
45 -24.000000
46 -24.000000
47 -24.000000
48 -24.000000
49 32.000000
50 32.000000
51 32.000000
52 32.000000
53 32.000000
54 32.000000
55 32.000000
56 32.000000
57 32.000000
58 32.000000
59 32.000000
60 32.000000
61 32.000000
62 32.000000
63 32.000000
64 32.000000
65 56.000000
66 56.000000
67 56.000000
68 56.000000
69 56.000000
70 56.000000
71 56.000000
72 56.000000
73 56.000000
74 56.000000
75 56.000000
76 56.000000
77 56.000000
78 56.000000
