1 0.000000
2 0.000000
3 0.000000
4 0.000000
5 0.000000
6 0.000000
7 0.000000
8 0.000000
9 0.000000
10 0.000000
11 0.000000
12 0.000000
13 0.000000
14 0.000000
15 0.000000
16 0.000000
17 152.000000
18 152.000000
19 152.000000
20 152.000000
21 152.000000
22 152.000000
23 152.000000
24 152.000000
25 152.000000
26 152.000000
27 152.000000
28 152.000000
29 152.000000
30 152.000000
31 152.000000
32 152.000000
33 136.000000
34 136.000000
35 136.000000
36 136.000000
37 136.000000
38 136.000000
39 136.000000
40 136.000000
41 136.000000
42 136.000000
43 136.000000
44 136.000000
45 136.000000
46 136.000000
47 136.000000
48 136.000000
49 144.000000
50 144.000000
51 144.000000
52 144.000000
53 144.000000
54 144.000000
55 144.000000
56 144.000000
57 144.000000
58 144.000000
59 144.000000
60 144.000000
61 144.000000
62 144.000000
63 144.000000
64 144.000000
65 256.000000
66 256.000000
67 256.000000
68 256.000000
69 256.000000
70 256.000000
71 256.000000
72 256.000000
73 256.000000
74 256.000000
75 256.000000
76 256.000000
77 256.000000
78 256.000000
