1 0.000000
2 0.000000
3 0.000000
4 0.000000
5 0.000000
6 0.000000
7 0.000000
8 0.000000
9 0.000000
10 0.000000
11 0.000000
12 0.000000
13 0.000000
14 0.000000
15 0.000000
16 0.000000
17 -352.000000
18 -352.000000
19 -352.000000
20 -352.000000
21 -352.000000
22 -352.000000
23 -352.000000
24 -352.000000
25 -352.000000
26 -352.000000
27 -352.000000
28 -352.000000
29 -352.000000
30 -352.000000
31 -352.000000
32 -352.000000
33 -208.000000
34 -208.000000
35 -208.000000
36 -208.000000
37 -208.000000
38 -208.000000
39 -208.000000
40 -208.000000
41 -208.000000
42 -208.000000
43 -208.000000
44 -208.000000
45 -208.000000
46 -208.000000
47 -208.000000
48 -208.000000
49 -96.000000
50 -96.000000
51 -96.000000
52 -96.000000
53 -96.000000
54 -96.000000
55 -96.000000
56 -96.000000
57 -96.000000
58 -96.000000
59 -96.000000
60 -96.000000
61 -96.000000
62 -96.000000
63 -96.000000
64 -96.000000
65 -120.000000
66 -120.000000
67 -120.000000
68 -120.000000
69 -120.000000
70 -120.000000
71 -120.000000
72 -120.000000
73 -120.000000
74 -120.000000
75 -120.000000
76 -120.000000
77 -120.000000
78 -120.000000
