1 0.000000
2 0.000000
3 0.000000
4 0.000000
5 0.000000
6 0.000000
7 0.000000
8 0.000000
9 0.000000
10 0.000000
11 0.000000
12 0.000000
13 0.000000
14 0.000000
15 0.000000
16 0.000000
17 -328.000000
18 -328.000000
19 -328.000000
20 -328.000000
21 -328.000000
22 -328.000000
23 -328.000000
24 -328.000000
25 -328.000000
26 -328.000000
27 -328.000000
28 -328.000000
29 -328.000000
30 -328.000000
31 -328.000000
32 -328.000000
33 -312.000000
34 -312.000000
35 -312.000000
36 -312.000000
37 -312.000000
38 -312.000000
39 -312.000000
40 -312.000000
41 -312.000000
42 -312.000000
43 -312.000000
44 -312.000000
45 -312.000000
46 -312.000000
47 -312.000000
48 -312.000000
49 -200.000000
50 -200.000000
51 -200.000000
52 -200.000000
53 -200.000000
54 -200.000000
55 -200.000000
56 -200.000000
57 -200.000000
58 -200.000000
59 -200.000000
60 -200.000000
61 -200.000000
62 -200.000000
63 -200.000000
64 -200.000000
65 -304.000000
66 -304.000000
67 -304.000000
68 -304.000000
69 -304.000000
70 -304.000000
71 -304.000000
72 -304.000000
73 -304.000000
74 -304.000000
75 -304.000000
76 -304.000000
77 -304.000000
78 -304.000000
