1 0.000000
2 0.000000
3 0.000000
4 0.000000
5 0.000000
6 0.000000
7 0.000000
8 0.000000
9 0.000000
10 0.000000
11 0.000000
12 0.000000
13 0.000000
14 0.000000
15 0.000000
16 0.000000
17 296.000000
18 296.000000
19 296.000000
20 296.000000
21 296.000000
22 296.000000
23 296.000000
24 296.000000
25 296.000000
26 296.000000
27 296.000000
28 296.000000
29 296.000000
30 296.000000
31 296.000000
32 296.000000
33 328.000000
34 328.000000
35 328.000000
36 328.000000
37 328.000000
38 328.000000
39 328.000000
40 328.000000
41 328.000000
42 328.000000
43 328.000000
44 328.000000
45 328.000000
46 328.000000
47 328.000000
48 328.000000
