1 0.000000
2 0.000000
3 0.000000
4 0.000000
5 0.000000
6 0.000000
7 0.000000
8 0.000000
9 0.000000
10 0.000000
11 0.000000
12 0.000000
13 0.000000
14 0.000000
15 0.000000
16 0.000000
17 -120.000000
18 -120.000000
19 -120.000000
20 -120.000000
21 -120.000000
22 -120.000000
23 -120.000000
24 -120.000000
25 -120.000000
26 -120.000000
27 -120.000000
28 -120.000000
29 -120.000000
30 -120.000000
31 -120.000000
32 -120.000000
33 -160.000000
34 -160.000000
35 -160.000000
36 -160.000000
37 -160.000000
38 -160.000000
39 -160.000000
40 -160.000000
41 -160.000000
42 -160.000000
43 -160.000000
44 -160.000000
45 -160.000000
46 -160.000000
47 -160.000000
48 -160.000000
49 -104.000000
50 -104.000000
51 -104.000000
52 -104.000000
53 -104.000000
54 -104.000000
55 -104.000000
56 -104.000000
57 -104.000000
58 -104.000000
59 -104.000000
60 -104.000000
61 -104.000000
62 -104.000000
63 -104.000000
64 -104.000000
65 -264.000000
66 -264.000000
67 -264.000000
68 -264.000000
69 -264.000000
70 -264.000000
71 -264.000000
72 -264.000000
73 -264.000000
74 -264.000000
75 -264.000000
76 -264.000000
77 -264.000000
78 -264.000000
