1 0.000000
2 0.000000
3 0.000000
4 0.000000
5 0.000000
6 0.000000
7 0.000000
8 0.000000
9 0.000000
10 0.000000
11 0.000000
12 0.000000
13 0.000000
14 0.000000
15 0.000000
16 0.000000
17 160.000000
18 160.000000
19 160.000000
20 160.000000
21 160.000000
22 160.000000
23 160.000000
24 160.000000
25 160.000000
26 160.000000
27 160.000000
28 160.000000
29 160.000000
30 160.000000
31 160.000000
32 160.000000
33 104.000000
34 104.000000
35 104.000000
36 104.000000
37 104.000000
38 104.000000
39 104.000000
40 104.000000
41 104.000000
42 104.000000
43 104.000000
44 104.000000
45 104.000000
46 104.000000
47 104.000000
48 104.000000
