1 0.000000
2 0.000000
3 0.000000
4 0.000000
5 0.000000
6 0.000000
7 0.000000
8 0.000000
9 0.000000
10 0.000000
11 0.000000
12 0.000000
13 0.000000
14 0.000000
15 0.000000
16 0.000000
17 -232.000000
18 -232.000000
19 -232.000000
20 -232.000000
21 -232.000000
22 -232.000000
23 -232.000000
24 -232.000000
25 -232.000000
26 -232.000000
27 -232.000000
28 -232.000000
29 -232.000000
30 -232.000000
31 -232.000000
32 -232.000000
33 -32.000000
34 -32.000000
35 -32.000000
36 -32.000000
37 -32.000000
38 -32.000000
39 -32.000000
40 -32.000000
41 -32.000000
42 -32.000000
43 -32.000000
44 -32.000000
45 -32.000000
46 -32.000000
47 -32.000000
48 -32.000000
49 -168.000000
50 -168.000000
51 -168.000000
52 -168.000000
53 -168.000000
54 -168.000000
55 -168.000000
56 -168.000000
57 -168.000000
58 -168.000000
59 -168.000000
60 -168.000000
61 -168.000000
62 -168.000000
63 -168.000000
64 -168.000000
65 -128.000000
66 -128.000000
67 -128.000000
68 -128.000000
69 -128.000000
70 -128.000000
71 -128.000000
72 -128.000000
73 -128.000000
74 -128.000000
75 -128.000000
76 -128.000000
77 -128.000000
78 -128.000000
