1 0.000000
2 0.000000
3 0.000000
4 0.000000
5 0.000000
6 0.000000
7 0.000000
8 0.000000
9 0.000000
10 0.000000
11 0.000000
12 0.000000
13 0.000000
14 0.000000
15 0.000000
16 0.000000
17 168.000000
18 168.000000
19 168.000000
20 168.000000
21 168.000000
22 168.000000
23 168.000000
24 168.000000
25 168.000000
26 168.000000
27 168.000000
28 168.000000
29 168.000000
30 168.000000
31 168.000000
32 168.000000
33 88.000000
34 88.000000
35 88.000000
36 88.000000
37 88.000000
38 88.000000
39 88.000000
40 88.000000
41 88.000000
42 88.000000
43 88.000000
44 88.000000
45 88.000000
46 88.000000
47 88.000000
48 88.000000
49 88.000000
50 88.000000
51 88.000000
52 88.000000
53 88.000000
54 88.000000
55 88.000000
56 88.000000
57 88.000000
58 88.000000
59 88.000000
60 88.000000
61 88.000000
62 88.000000
63 88.000000
64 88.000000
65 128.000000
66 128.000000
67 128.000000
68 128.000000
69 128.000000
70 128.000000
71 128.000000
72 128.000000
73 128.000000
74 128.000000
75 128.000000
76 128.000000
77 128.000000
78 128.000000
