1 0.000000
2 0.000000
3 0.000000
4 0.000000
5 0.000000
6 0.000000
7 0.000000
8 0.000000
9 0.000000
10 0.000000
11 0.000000
12 0.000000
13 0.000000
14 0.000000
15 0.000000
16 0.000000
17 24.000000
18 24.000000
19 24.000000
20 24.000000
21 24.000000
22 24.000000
23 24.000000
24 24.000000
25 24.000000
26 24.000000
27 24.000000
28 24.000000
29 24.000000
30 24.000000
31 24.000000
32 24.000000
33 56.000000
34 56.000000
35 56.000000
36 56.000000
37 56.000000
38 56.000000
39 56.000000
40 56.000000
41 56.000000
42 56.000000
43 56.000000
44 56.000000
45 56.000000
46 56.000000
47 56.000000
48 56.000000
49 88.000000
50 88.000000
51 88.000000
52 88.000000
53 88.000000
54 88.000000
55 88.000000
56 88.000000
57 88.000000
58 88.000000
59 88.000000
60 88.000000
61 88.000000
62 88.000000
63 88.000000
64 88.000000
65 120.000000
66 120.000000
67 120.000000
68 120.000000
69 120.000000
70 120.000000
71 120.000000
72 120.000000
73 120.000000
74 120.000000
75 120.000000
76 120.000000
77 120.000000
78 120.000000
