1 0.000000
2 0.000000
3 0.000000
4 0.000000
5 0.000000
6 0.000000
7 0.000000
8 0.000000
9 0.000000
10 0.000000
11 0.000000
12 0.000000
13 0.000000
14 0.000000
15 0.000000
16 0.000000
17 -328.000000
18 -328.000000
19 -328.000000
20 -328.000000
21 -328.000000
22 -328.000000
23 -328.000000
24 -328.000000
25 -328.000000
26 -328.000000
27 -328.000000
28 -328.000000
29 -328.000000
30 -328.000000
31 -328.000000
32 -328.000000
33 -128.000000
34 -128.000000
35 -128.000000
36 -128.000000
37 -128.000000
38 -128.000000
39 -128.000000
40 -128.000000
41 -128.000000
42 -128.000000
43 -128.000000
44 -128.000000
45 -128.000000
46 -128.000000
47 -128.000000
48 -128.000000
49 -136.000000
50 -136.000000
51 -136.000000
52 -136.000000
53 -136.000000
54 -136.000000
55 -136.000000
56 -136.000000
57 -136.000000
58 -136.000000
59 -136.000000
60 -136.000000
61 -136.000000
62 -136.000000
63 -136.000000
64 -136.000000
65 -72.000000
66 -72.000000
67 -72.000000
68 -72.000000
69 -72.000000
70 -72.000000
71 -72.000000
72 -72.000000
73 -72.000000
74 -72.000000
75 -72.000000
76 -72.000000
77 -72.000000
78 -72.000000
